0 0.4777810304449649 0.19906323185011707 0.05005854800936767 0.11241217798594849
0 0.38155737704918047 0.32084309133489464 0.04894613583138182 0.10772833723653395
0 0.4366217798594848 0.34777517564402816 0.05005854800936774 0.09601873536299767
0 0.3381733021077284 0.4988290398126463 0.0511709601873536 0.10304449648711937
0 0.4327283372365339 0.5105386416861826 0.048946135831381736 0.11709601873536293
0 0.2925644028103045 0.7119437939110069 0.0511709601873536 0.09836065573770497
0 0.3581967213114754 0.6814988290398126 0.04672131147540988 0.10304449648711937
0 0.3843384074941452 0.8313817330210773 0.0522833723653396 0.12177985948477754
0 0.4505269320843091 0.7775175644028103 0.0511709601873536 0.12177985948477754
0 0.4777810304449649 0.6370023419203747 0.056733021077283396 0.10772833723653406
0 0.5695550351288057 0.6615925058548009 0.05784543325526918 0.1194379391100703
0 0.5239461358313817 0.8653395784543324 0.057845433255269356 0.12412177985948461
0 0.5300644028103044 0.382903981264637 0.054508196721311464 0.11943793911007021
0 0.5606557377049181 0.4637002341920375 0.04672131147540988 0.10304449648711944
