0 0.5140122745603595 0.26925911311406187 0.03425060039713145 0.07330830260438667
0 0.4569279405651404 0.34016386481338656 0.02740048031770513 0.06369409898413914
0 0.4883243242625109 0.3623967106852088 0.03196722703732263 0.06489587443667005
0 0.5416981765480408 0.38823488291462377 0.03253807037727483 0.07571185350944845
0 0.5585380550766303 0.43991122737345373 0.03082554035741822 0.061290548079077356
0 0.4292420385774591 0.45252986962502845 0.027971323657657407 0.06970297624679382
0 0.4846138425528217 0.46034141006647944 0.027971323657657407 0.0733083026043866
0 0.5596797417565348 0.5624923235316083 0.03425060039713145 0.08051895531957215
0 0.5085892628308137 0.5366541513021934 0.033679757057179245 0.06489587443667012
0 0.4012707149198018 0.5811198430458377 0.031396383697370564 0.06489587443667012
0 0.44037348370652685 0.5630932112578738 0.02625879363780072 0.06249232353160828
0 0.45150492883559457 0.6508228192926314 0.0313963836973704 0.07210652715185557
0 0.4903222759523436 0.6279890856945439 0.031396383697370356 0.06970297624679382
0 0.5279979363891881 0.6838716442372322 0.03482144373708358 0.07090475169932475
