0 0.566348135471344 0.15217620134353638 0.029268503189086914 0.06286624073982239
0 0.5295264720916748 0.18410825729370117 0.02738022804260254 0.05687898397445679
0 0.5852310657501221 0.19259020686149597 0.029268503189086914 0.061868369579315186
0 0.5493535101413727 0.25545644760131836 0.034933388233184814 0.07184714078903198
0 0.6572220325469971 0.22901271283626556 0.03162884712219238 0.06286624073982239
0 0.7216599583625793 0.25994688272476196 0.03398919105529785 0.07084923982620239
0 0.6069463491439819 0.25395962595939636 0.03493332862854004 0.06885349750518799
0 0.7575374841690063 0.30036088824272156 0.03398919105529785 0.07583862543106079
0 0.681297779083252 0.30335453152656555 0.03162884712219238 0.065859854221344
0 0.6612346768379211 0.33977702260017395 0.03493344783782959 0.07084923982620239
0 0.594672441482544 0.33079615235328674 0.033045053482055664 0.06885349750518799
0 0.6621788442134857 0.4390657842159271 0.03776580095291138 0.0778343677520752
0 0.8418024182319641 0.42459654808044434 0.04012620449066162 0.07484078407287598
0 0.7884581983089447 0.5313693881034851 0.03729373216629028 0.07883226871490479
0 0.7034851610660553 0.5473353862762451 0.04107028245925903 0.08881103992462158
0 0.7530527710914612 0.39366236329078674 0.039182066917419434 0.07683652639389038
0 0.7181194126605988 0.39366236329078674 0.040126144886016846 0.0748407244682312
0 0.6005733907222748 0.42609336972236633 0.03918200731277466 0.08382165431976318
0 0.5330670177936554 0.4680041968822479 0.03918200731277466 0.0798301100730896
0 0.5795661509037018 0.38368362188339233 0.03776580095291138 0.07883226871490479
0 0.38790470361709595 0.26693204045295715 0.03210091590881348 0.07883226871490479
0 0.44384533166885376 0.25845009088516235 0.030684709548950195 0.06386411190032959
0 0.44219309091567993 0.30834391713142395 0.03115677833557129 0.0678555965423584
0 0.4301552176475525 0.40414008498191833 0.042014479637145996 0.08382165431976318
0 0.46225613355636597 0.34376853704452515 0.03257298469543457 0.06685775518417358
