0 0.46266894875591724 0.13336128135429268 0.03390934557408409 0.07249147012018498
0 0.49637701848520455 0.17809254346480324 0.03156592799285224 0.06591149761534709
0 0.4408036368652908 0.16638060738372873 0.03382888379227916 0.07150820055942808
0 0.4710870546965733 0.241253239188067 0.04021549861093682 0.08338195369658358
0 0.3669291653359953 0.17633253850443134 0.03623515118325732 0.07334187733776482
0 0.30093984452680955 0.18359775682534246 0.0392046534499339 0.08205847040763253
0 0.41445765121349776 0.2190282229928944 0.03997411086245828 0.08043211564808034
0 0.2623286001020894 0.21049410256961182 0.03960699412825486 0.0869748583151145
0 0.3372113061714406 0.24091230312650863 0.036476536528672165 0.07629168602003564
0 0.35404395939101363 0.2840303587488654 0.040135034426068195 0.08239865476959429
0 0.42035633523495997 0.29916256940847463 0.03811340764265475 0.07975176839908671
0 0.3451076136317779 0.38152607906121605 0.04348923603277438 0.09030205972222094
0 0.169279145490777 0.30255207909848525 0.04557368806582898 0.08820269836122735
0 0.2132333022678807 0.42698189223217076 0.04310453909580836 0.09111527720569434
0 0.29567557162334235 0.47332916536258013 0.047630450694662485 0.10230868309385632
0 0.2592244488149322 0.30404610754468553 0.04480427470265333 0.08982906922697681
0 0.2936466434683469 0.31663223368641713 0.045573653893469124 0.0882026288912976
0 0.406857620263575 0.39093928685095014 0.045367494895235394 0.09671198014977539
0 0.4699967752177976 0.4565586830297517 0.04504564296188818 0.09277884317428275
0 0.4309771101322998 0.3567187989332869 0.043569700217643004 0.09128535864921039
0 0.6292481046136048 0.3107292279458028 0.037987708023162314 0.08924435985208912
0 0.5748099705664165 0.2822165697739403 0.03538529072139307 0.07398498401148984
0 0.5724149237750172 0.33197559716018477 0.03617229897044738 0.07808814369803352
0 0.5765522755383097 0.4307071233445509 0.04815852035870838 0.097732490285801
0 0.549789049758125 0.3596533531482787 0.037487322957210356 0.07761514783405687
