0 0.49849774513441136 0.222719483966939 0.030988550644246937 0.06550421328569617
0 0.6349288365938888 0.3733449458908541 0.03728793031972699 0.08101033072033131
0 0.5413454258338617 0.26051106379387107 0.03418904120261812 0.07445993976994272
0 0.6453228897993439 0.5480520372284983 0.043434823485718144 0.09290853935219145
0 0.5541578922934352 0.418703485157539 0.03889304999664189 0.07892740908805418
0 0.5113428823775114 0.49547473451960533 0.039198023015619476 0.08614322669360425
0 0.4477305995996145 0.38587641391621885 0.03904553713342257 0.08253533273287667
0 0.47538811116172 0.47777458698726494 0.040335873745835193 0.08635810750614503
0 0.49343131951857483 0.29510322796945904 0.036363202471853096 0.07248442159887147
0 0.6037670608456562 0.6493058589892804 0.04105734687049756 0.09007351245289585
