0 0.48683106899261475 0.22410204261541367 0.028560400009155273 0.060371533036231995
0 0.6290617883205414 0.3484674394130707 0.03427249193191528 0.07486069202423096
0 0.5310996770858765 0.2536841034889221 0.03141641616821289 0.06882357597351074
0 0.6467692255973816 0.5205263495445251 0.03998458385467529 0.08572757244110107
0 0.5505207180976868 0.4088389575481415 0.03598606586456299 0.07244586944580078
0 0.5111073851585388 0.49335910379886627 0.03598606586456299 0.07969042658805847
0 0.44313371181488037 0.39616096019744873 0.03598606586456299 0.07606816291809082
0 0.47455012798309326 0.48249222338199615 0.037128448486328125 0.07969042658805847
0 0.48483186960220337 0.2971516251564026 0.033701300621032715 0.06640869379043579
0 0.6096407175064087 0.6291950941085815 0.03769969940185547 0.0833127498626709
