0 0.38114625215530396 0.25075003504753113 0.023990750312805176 0.054334402084350586
0 0.4402662515640259 0.22720514237880707 0.026846766471862793 0.06037154793739319
0 0.5465108752250671 0.31896987557411194 0.030274033546447754 0.06761610507965088
0 0.6216246783733368 0.40107518434524536 0.03427249193191528 0.0652012825012207
0 0.44683510065078735 0.35579654574394226 0.027418017387390137 0.05674922466278076
0 0.48996132612228394 0.37390798330307007 0.03141641616821289 0.06399381160736084
0 0.316314160823822 0.376322865486145 0.026846766471862793 0.05916410684585571
0 0.3985680937767029 0.410734623670578 0.029131531715393066 0.06278640031814575
0 0.36972206830978394 0.4179792106151581 0.02627551555633545 0.0652012825012207
0 0.49995744228363037 0.43246838450431824 0.030845165252685547 0.0603715181350708
0 0.4265572428703308 0.49042506515979767 0.02798914909362793 0.05795666575431824
0 0.5887802243232727 0.49344363808631897 0.03141641616821289 0.06640869379043579
0 0.47825151681900024 0.5103476792573929 0.02970278263092041 0.06640872359275818
0 0.6039172410964966 0.5459668636322021 0.02970278263092041 0.0652012825012207
0 0.6501850485801697 0.623846173286438 0.03427243232727051 0.07606816291809082
0 0.5967771410942078 0.6347130537033081 0.033701300621032715 0.06399381160736084
0 0.5019566714763641 0.6341093182563782 0.031416475772857666 0.07244586944580078
0 0.40228092670440674 0.5514003038406372 0.028560400009155273 0.054334402084350586
0 0.34087610244750977 0.5526077747344971 0.030274033546447754 0.06882357597351074
0 0.45111918449401855 0.6365242004394531 0.03141641616821289 0.07003092765808105
0 0.5062406957149506 0.7850382328033447 0.02741795778274536 0.05554187297821045
0 0.4545464515686035 0.7608895897865295 0.030274033546447754 0.0652012825012207
0 0.4622577428817749 0.8484283089637756 0.02970278263092041 0.061578989028930664
0 0.4011384844779968 0.6805954575538635 0.028560400009155273 0.06399381160736084
0 0.3565843105316162 0.6178090572357178 0.030845165252685547 0.061578989028930664
