0 0.32998414378529983 0.3971283109768023 0.09019005067364999 0.04342559054080586
0 0.25293471736511086 0.48155158585824864 0.09979326554838588 0.0464511347704159
0 0.29563854237199416 0.5450234250512638 0.10080327364073277 0.04313502188924645
0 0.4764324959556037 0.4418362427460926 0.09339784081757785 0.041908021618557445
0 0.5623034410234212 0.3626163905752406 0.08579445484066262 0.039828618039961405
0 0.6622665140821382 0.3522830291525049 0.08240893322776832 0.03291556536135498
0 0.7149717304817458 0.45121444859711335 0.09601183074838726 0.03783324585191433
0 0.5453218565998568 0.49070895289817235 0.08638832806111152 0.042385887211844664
0 0.622594025797872 0.49170555190662196 0.091200013277003 0.040109533828472155
0 0.6501607571126286 0.39263257267014356 0.08520058162021393 0.03727134886807826
