0 0.4336518770048692 0.15217620423953857 0.02926849264894628 0.06286623519403887
0 0.47047352904709183 0.1841082602111139 0.027380202800627203 0.05687897469936851
0 0.41476897852167804 0.19259021257856357 0.02926849264894628 0.06186835844492713
0 0.45064648563974125 0.25545644777260246 0.034933362193903576 0.07184712593604445
0 0.3427779280545117 0.22901271392114164 0.03162885495934525 0.06286623519403889
0 0.2783400369806213 0.2599468931436051 0.033989217269744035 0.07084924918693243
0 0.39305364526600817 0.2539596326489349 0.03493336219390372 0.06885349568870928
0 0.24246252986255837 0.3003609014826301 0.03398921726974412 0.07583863293249134
0 0.3187022324884429 0.3033545317299653 0.03162885495934525 0.06585986544137395
0 0.33876531212683353 0.33977703307254353 0.034933362193903736 0.07084924918693294
0 0.4053275292800823 0.33079614233053783 0.033045072345584375 0.06885349568870905
0 0.33782116720267397 0.43906576960916055 0.03776579696638244 0.07783438643071484
0 0.15819759538131806 0.4245965567470404 0.040126159276781266 0.07484075618337961
0 0.2115417835963331 0.5313693689019954 0.037293724504302544 0.07883226317982661
0 0.29651482677069335 0.5473353968877831 0.04107030420094084 0.08881103067094387
0 0.24694721825231652 0.39366237752457683 0.03918201435262169 0.07683650968160308
0 0.28188058044622016 0.39366237752457683 0.040126159276781266 0.07484075618337968
0 0.39942662350408525 0.426093371870708 0.03918201435262169 0.08382164692538524
0 0.46693298558149365 0.4680041953334006 0.03918201435262169 0.07983013992893824
0 0.4204338480666354 0.3836836100334593 0.037765796966382444 0.07883226317982699
0 0.6120952676710256 0.2669320303873873 0.032100927421424924 0.0788322631798265
0 0.5561546809145719 0.25845007801993763 0.030684710035185674 0.06386411194315059
0 0.557806934531851 0.3083439154755241 0.031156782497265497 0.06785561893959752
0 0.5698447823148854 0.40414008339024965 0.04201444912510032 0.08382164692538506
0 0.5377438548934605 0.34376854006899044 0.03257299988350482 0.06685774219048582
