0 0.1838693511199474 0.20119495501311485 0.07351391280994449 0.036321238757900304
0 0.40821493484658733 0.24787281184100163 0.06664234019666254 0.03770097362276348
0 0.7841930445728458 0.270009459381367 0.06973193260412425 0.03530386144952691
0 0.490160044850916 0.31522695859646277 0.0863179361894546 0.037748014296165644
0 0.7973827525574444 0.5101963755212132 0.09509344135654951 0.04575824435120829
0 0.4362649770310011 0.3637621064582948 0.08322837946319883 0.040145157481740856
0 0.24804665433223128 0.34258172119825403 0.07875412410861835 0.03571326641030753
0 0.08783374896846009 0.31582305931748544 0.07601066185899655 0.03981763512852965
0 0.08224033136528006 0.40050255722879763 0.09294281274202221 0.04396907469113143
0 0.17219299597292093 0.4489713763324793 0.08933394281511076 0.04380531300970919
