0 0.1431471370175373 0.2116407058590371 0.077548891686978 0.03810413077852856
0 0.3734778647888999 0.2512612791402486 0.07097403443924327 0.03924634406531877
0 0.7517146069741244 0.2616913390919259 0.07367946020701122 0.03698239744584356
0 0.4645792565111514 0.31592947503668845 0.09036423731456661 0.039914152985646156
0 0.798155985062563 0.5009526880272105 0.10013999513937144 0.04808267241977354
0 0.4175250751378835 0.36603151225995006 0.08765885107525262 0.04217813128417802
0 0.22677681309815778 0.350733277830251 0.082625521433805 0.03767069763638725
0 0.06320081863894544 0.3290003232879366 0.0805020373928188 0.04162749384760972
0 0.06935252918320918 0.4136711556244483 0.09776877737071338 0.04625212924370248
0 0.16582752370809797 0.45924632749344885 0.09419035949855863 0.04597680967670997
