0 0.5765063405658668 0.16162545786528298 0.03107071231206704 0.06661144688341666
0 0.538812224281207 0.18862859078483318 0.029009039055412855 0.060386344640923434
0 0.5941569517599035 0.2044560121299166 0.031041197044302415 0.06561552804070972
0 0.5564901175258099 0.26245758341983433 0.03699015327867705 0.07632346216002697
0 0.6649297560218272 0.2503217748521688 0.03342643827277514 0.06692339618621287
0 0.7283266319924697 0.2897117094320706 0.03601828725709988 0.07520272597467931
0 0.6140145504697041 0.26857531235330223 0.036901547105853916 0.07333566801038385
0 0.7629385890796633 0.3347883144318524 0.03616586447742276 0.08018234993222856
0 0.6867594989837049 0.3277000594485928 0.0335149840760689 0.06991115271433374
0 0.6656583368504405 0.3613996978372001 0.036960696617441724 0.07532752145081312
0 0.5994919676575898 0.34363935727240025 0.03501696633728757 0.07308610856814685
0 0.6636638706469113 0.4606189863546981 0.039994116038114425 0.08267331437962411
0 0.8433639886933229 0.46991758609561995 0.04226135656505803 0.07999754477582183
0 0.7869659836587886 0.5694314135650672 0.03955248699523739 0.0836068731057864
0 0.7016869486577413 0.5741359129831587 0.04361680297301629 0.09406523990535909
0 0.7557029573040491 0.42731453519238666 0.04137809671630377 0.0818646027401172
0 0.7208379453894375 0.4226976500622178 0.042261295314028446 0.07999747741028479
0 0.6025626482936354 0.4395300123444209 0.04158464498412684 0.0888360565055728
0 0.5339487021270071 0.472437020732688 0.041466582150068265 0.08485232164671563
0 0.5828509142704905 0.39442686602185684 0.04002363218737892 0.08366926296634564
0 0.3950177550377032 0.2525732227933233 0.034369830393650214 0.08292057676212702
0 0.45109981730896864 0.2515011295106245 0.03251366315625642 0.0677945353078013
0 0.44797503781474335 0.3010789748301457 0.03310286941945634 0.07184060053918834
0 0.4331272348666725 0.39509676192299903 0.044411575625005806 0.08921040354643589
0 0.4669510297214277 0.3390858719111205 0.03448679060961668 0.07103188102217378
