0 0.5131689148615699 0.22410204702184372 0.028560383955826652 0.06037154332125958
0 0.3709382027615532 0.34846742626363847 0.03427246074699198 0.07486071371836182
0 0.4689003197300386 0.25368410324926094 0.03141642235140928 0.0688235593862359
0 0.35323076470894066 0.5205263247292282 0.03998453753815738 0.08572759151618861
0 0.44947925864007643 0.40883896958489807 0.03598608378434157 0.0724458519855115
0 0.4888925884991172 0.4933591302346615 0.035986083784341504 0.07969043718406262
0 0.5568663023139847 0.39616094548743347 0.03598608378434164 0.07606814458478701
0 0.5254498799625753 0.48249225243683475 0.037128499142574684 0.07969043718406268
0 0.5151681417384778 0.2971516144405678 0.0337012530678755 0.06640869765338561
0 0.39035926385151526 0.6291951027074955 0.037699706821691235 0.08331272978333808
