0 0.5137956991443153 0.2242389311651945 0.028697252154734842 0.060660814207270874
0 0.3712840263262099 0.34715880570266455 0.034442201750317536 0.07520780169398888
0 0.46946038270349955 0.25337118565655997 0.03157244085711919 0.06914175716263068
0 0.3531858256489504 0.5190359450541773 0.04017886087617678 0.08613255178918922
0 0.4496869791666306 0.4083270651805031 0.036150268739912894 0.07281040511859449
0 0.4889078181087656 0.49324640547658605 0.03616676027342414 0.08005487899386887
0 0.5571015845698514 0.396739529112923 0.03615849963953899 0.07643265680592742
0 0.5254893611779321 0.482750821320101 0.03730909991525877 0.08006647745585249
0 0.515628900570475 0.2973079693347904 0.03385178183911797 0.06675010127332537
0 0.39006694878879306 0.628080406509302 0.03788857520846811 0.08369455893262356
