0 0.618853747844696 0.25075003504753113 0.023990750312805176 0.054334402084350586
0 0.5597337484359741 0.22720514237880707 0.026846766471862793 0.06037154793739319
0 0.45348912477493286 0.31896987557411194 0.030274033546447754 0.06761610507965088
0 0.3783753216266632 0.40107518434524536 0.03427249193191528 0.0652012825012207
0 0.5531648993492126 0.35579654574394226 0.027418017387390137 0.05674922466278076
0 0.5100386738777161 0.37390798330307007 0.03141641616821289 0.06399381160736084
0 0.683685839176178 0.376322865486145 0.026846766471862793 0.05916410684585571
0 0.6014319062232971 0.410734623670578 0.029131531715393066 0.06278640031814575
0 0.6302779316902161 0.4179792106151581 0.02627551555633545 0.0652012825012207
0 0.5000425428152084 0.43246838450431824 0.030845195055007935 0.0603715181350708
0 0.5734427571296692 0.49042506515979767 0.02798914909362793 0.05795666575431824
0 0.4112197756767273 0.49344363808631897 0.03141641616821289 0.06640869379043579
0 0.5217484831809998 0.5103476792573929 0.02970278263092041 0.06640872359275818
0 0.3960827589035034 0.5459668636322021 0.02970278263092041 0.0652012825012207
0 0.3498149514198303 0.623846173286438 0.03427243232727051 0.07606816291809082
0 0.40322285890579224 0.6347130537033081 0.03370124101638794 0.06399381160736084
0 0.49804334342479706 0.6341093182563782 0.03141644597053528 0.07244586944580078
0 0.5977190732955933 0.5514003038406372 0.028560400009155273 0.054334402084350586
0 0.6591238975524902 0.5526077747344971 0.030274033546447754 0.06882357597351074
0 0.5488808155059814 0.6365242004394531 0.03141641616821289 0.07003092765808105
0 0.49375928938388824 0.7850382328033447 0.02741798758506775 0.05554187297821045
0 0.5454535484313965 0.7608895897865295 0.030274033546447754 0.0652012825012207
0 0.5377422571182251 0.8484283089637756 0.02970278263092041 0.061578989028930664
0 0.5988615155220032 0.6805954575538635 0.028560400009155273 0.06399381160736084
0 0.6434156894683838 0.6178090572357178 0.030845165252685547 0.061578989028930664
