0 0.32711196335311743 0.39820527471486145 0.08919988033526377 0.04296965790205043
0 0.2524387274915437 0.48310506738721326 0.09874361796068618 0.045942076664482856
0 0.29692017037418666 0.5463030824156019 0.09985186269931803 0.04260996464141331
0 0.47480216635612604 0.4419894008217452 0.09246049261158462 0.041427100449830334
0 0.5584421810191831 0.3622371628698211 0.08489511012075057 0.039390664712169676
0 0.658106429593484 0.3512768287267395 0.08169865002178944 0.03247959187080879
0 0.7135835804847661 0.4498684780809665 0.09519912700796762 0.03732383106628473
0 0.5450571018315418 0.4904250982586057 0.08541715942516526 0.041951438679766084
0 0.6223504300209356 0.49093625093848736 0.09030807783964656 0.03963760250143605
0 0.647134178183844 0.3916988537142254 0.084373060816336 0.03682989074457316
