0 0.6003181977679977 0.24126847749316105 0.03358315712042237 0.07137831312651824
0 0.5554708115250855 0.2987300270784151 0.03166075289335646 0.08222359302149473
0 0.5296756801097613 0.3155742403387938 0.03100538121861729 0.07136679551639702
0 0.6027888052820136 0.3477839803707208 0.03423169901826806 0.07545144674202947
0 0.634181159608138 0.3723454801779674 0.02809980031542847 0.0659269233251682
0 0.5044437477858124 0.41314726497085946 0.040034486248836876 0.078190763856815
0 0.5869119265379183 0.4348839898994771 0.03423238198845646 0.07612980568042421
0 0.550152309236704 0.4604981315910718 0.036158884081658016 0.0693547241191998
0 0.6340503688067947 0.5022532136316844 0.030679744381826635 0.06797356298579887
0 0.6313236435341101 0.6501262241981979 0.0332588862090053 0.06934178357158216
0 0.6027149410973953 0.5811437800377639 0.027448586126338603 0.05914033932092111
0 0.573009746782562 0.6410471873393557 0.031972730146356376 0.07204946797066436
0 0.5465012925904871 0.5663079487468567 0.03681158342014579 0.0774980265321783
0 0.5022055374328346 0.5559346809188084 0.03712970746484823 0.07342919153141192
