0 0.5839795763468602 0.238584702258491 0.03880460985554057 0.0846283930464673
0 0.5284321459181541 0.22345562934096472 0.04407856411305122 0.09670962721651971
0 0.4629941260427459 0.3099575659075155 0.04596537454478661 0.09676931770386532
0 0.6044103183675085 0.2915773621918042 0.04496523188778101 0.0887947712868222
0 0.6521988262828866 0.3764839416360631 0.0402055259756674 0.08268700028243559
0 0.5319426111326384 0.3847582550672023 0.04402894487296927 0.08975800706495207
0 0.4844920775385999 0.44635495127373725 0.04070565668938775 0.08667424557741826
0 0.6098041392095539 0.4523237545630209 0.03641766828468718 0.0805813976662228
0 0.5643294152916731 0.46021892995289115 0.04065603766200454 0.0797226552248087
0 0.6154482994736823 0.5489933829606628 0.03589633153719218 0.07361485442146398
0 0.463686220220673 0.5721708146804156 0.04540865453392373 0.08483725675322773
0 0.5637113827438979 0.6380418487171546 0.036924828227986595 0.08556178075279541
0 0.5076036585170208 0.6105140479666561 0.0354316432593586 0.07459306911986285
0 0.4937191933706394 0.7475341569670488 0.0435430501359631 0.08775686421565843
