0 0.6176580830409927 0.5213863285512056 0.047054283602349534 0.09791511988235307
0 0.5471608971844129 0.5515290405114848 0.04686928207851848 0.11586947495805566
0 0.5085396002413565 0.5491760254996261 0.043607006733180464 0.09639013443508981
0 0.45329542310478876 0.6512550853510632 0.04668943665255665 0.10746550798199705
0 0.6017159064595325 0.6576332191573159 0.04606787463813522 0.10501038017802578
0 0.6384207367963659 0.7173101945241938 0.04469621157800341 0.09409721570627683
0 0.5104038305004637 0.7565156759759691 0.04684359910903907 0.11466894307903686
0 0.5634898337419723 0.7538882360844997 0.04782994789205308 0.1075736473654354
0 0.6164378786762537 0.883220365015746 0.04302554703854067 0.10548432062671853
0 0.4249665296853382 0.8361946400608501 0.04842594602556588 0.10882825458195966
0 0.4866474779629146 0.8880899941045284 0.05070702804884386 0.10904453899462274
0 0.5607020367858275 0.9574584718981397 0.03637856802245998 0.07773295139189229
