0 0.5554404472458228 0.3054857357334802 0.029592930470849977 0.06320381793926753
0 0.5052611303604686 0.3664322744606309 0.02273080166601517 0.06049508288472751
0 0.5331385286301099 0.38674778736968124 0.029592930470849835 0.05959217119988075
0 0.578385690436989 0.4079662119635782 0.02916404742054766 0.06771837636350078
0 0.5910377404209031 0.4526603403634887 0.02530409996782815 0.05056305435141397
0 0.4846747439459644 0.46304382473922545 0.02530409996782815 0.05688343614534069
0 0.5303507888031457 0.47117002990284557 0.0231596847163172 0.06591255299380748
0 0.5496505260667434 0.5406942296360399 0.027448515219338956 0.060495082884727436
0 0.5918955065215074 0.5578495516481267 0.03045069657145419 0.06230090625442088
0 0.4600139685535895 0.5727475944480969 0.025732983018130255 0.057786347830187525
0 0.4919657558011013 0.5601068308602434 0.023588567766619377 0.05056305435141397
0 0.5022589490083534 0.635499956544941 0.026161866068432432 0.06410672962411418
0 0.5344251777810163 0.6151844436358909 0.025304099967828293 0.06320381793926742
0 0.5663769650285281 0.6625873070903413 0.02659074911873468 0.06049508288472751
