0 0.5162466047692201 0.496390232232674 0.04803552573289949 0.10533550195822311
0 0.44744122227846783 0.591439496530619 0.03944817974450937 0.10324793715043712
0 0.4956745271741415 0.6150654493650582 0.04600846830294031 0.10864274555520514
0 0.5710803632946053 0.6417106345436372 0.048317356807428435 0.11434516617319679
0 0.6014841011053129 0.6999312257731676 0.04110889088757308 0.08822827396506283
0 0.42948540796118156 0.7319212327173357 0.04170591672447843 0.09369335948248525
0 0.5049836438751688 0.7409086750067593 0.04372776206869716 0.10384126459459397
0 0.4096623861164141 0.8882834122787184 0.041193437698308855 0.09093109293720347
0 0.4591836662356892 0.8637728381144305 0.03158113644827176 0.08331908425257772
0 0.5468828420378646 0.8231107642996206 0.041193437698308855 0.09093109293720336
0 0.6194787971152692 0.849240668536615 0.04495529824244793 0.10221726868435521
0 0.4880457103248952 0.9594337928384901 0.04019660616132209 0.08113241432301987
0 0.5360717412782288 0.9309315295172438 0.04219020975947996 0.09555456741875534
0 0.5925463175475002 0.9638208787889417 0.04174977150146808 0.054229065300854695
