0 0.5083727983351953 0.23751930505223878 0.03491773161193812 0.07166831917673458
0 0.557313378353097 0.31056602715951775 0.029404341043755333 0.061903878722058436
0 0.5286223915895538 0.32687720826217126 0.03252562694419836 0.06786081535573113
0 0.4814793404412304 0.3396601803886082 0.03596787659792894 0.0738791826814551
0 0.46543597192338815 0.3852956762781007 0.030833739575095886 0.06552728775880262
0 0.5785262607234134 0.4150937429400219 0.028529132477026264 0.06374654916853117
0 0.5293405996164946 0.4152251875372107 0.03401331718829226 0.07283538375267973
0 0.46102059910793747 0.4951404260449186 0.033779855486288424 0.07480082217190187
0 0.5066466102659559 0.4800238761261473 0.0353555097997994 0.06706187749826592
0 0.599491693683903 0.5328567857047637 0.030833678934325426 0.06552724672830001
0 0.565489729751443 0.5110291038888221 0.028587659680460287 0.05772762131834802
0 0.5529046465463183 0.5889999111766445 0.030541924239107066 0.06614149610716291
0 0.5198068047474369 0.5612145986418751 0.03255477536149731 0.06853645439614264
0 0.4852968582769355 0.6036596867455502 0.03331322181142615 0.07136150442968747
