0 0.5004594117358895 0.34777822139590925 0.0414563375535722 0.1059000504595311
0 0.42173464718260656 0.4533515385336704 0.04029757258397121 0.08949292537788195
0 0.46562451330722465 0.47146593736807424 0.039205043822746366 0.0965046774217343
0 0.5445183370423097 0.5028995107528421 0.04590586467579916 0.10595574758216725
0 0.5676932994960513 0.5687646865983988 0.03917863290232071 0.08713716933913185
0 0.3862641463231964 0.6051348002266594 0.04139677868505692 0.08482308854003551
0 0.3473968816710639 0.7779531980975363 0.04031080788808572 0.09417669469332535
0 0.4657869548790763 0.6108146976474275 0.04031080788808583 0.09417669469332535
0 0.40419840488124337 0.7540740239749899 0.04029095510034064 0.08715110032375029
0 0.5011022955985225 0.7107903474454533 0.044740571712166 0.08720682836791549
0 0.42109304600851505 0.877238584384029 0.04367448350473502 0.10358602926402494
0 0.47572602577195267 0.8334255566371829 0.0414364845974004 0.09887439648636587
0 0.5744407831907088 0.7398124067588885 0.04922983429589134 0.1013137444047415
0 0.5322363731337462 0.912589009436442 0.04365463071698983 0.09656043489444999
