0 0.45797579914099856 0.20858326399770472 0.05704484740434823 0.12606671585020615
0 0.3708041755777991 0.35754003161991305 0.05563175335030368 0.1211010151344506
0 0.4271176867988936 0.3679672728741567 0.05595402796195542 0.10983490881045843
0 0.3396910576353097 0.546565508445644 0.05752295364820531 0.11711944331881508
0 0.43409291623627155 0.5302740806298492 0.056255077896080474 0.13037632079639516
0 0.30871251713903913 0.7710295967190766 0.05721129236683936 0.11248180524207274
0 0.37167189266061207 0.7215289273697929 0.05311722454053586 0.11580722227122187
0 0.40752899955084343 0.8622243936649848 0.059871033529392326 0.1359980877732574
0 0.4694807495943318 0.7893714228762219 0.05876960868889325 0.13567014316808368
0 0.48711625871954145 0.6422041312692242 0.06334187128443342 0.12339747997489892
0 0.5796215591541121 0.6394863705685665 0.0652224877605091 0.13531966134911655
0 0.5480196783663125 0.8546751428203839 0.06553412151645988 0.13995732014520024
0 0.5219763954746811 0.3751921953955847 0.06191813042555361 0.1343354558538396
0 0.5576422397292522 0.4461699530061722 0.05311722454053591 0.11580722227122198
