0 0.43898868362523347 0.20384617726737703 0.03785797126664703 0.08530055044342283
0 0.37775784850384 0.27101251455237707 0.03337267104363584 0.08612375086104418
0 0.40978433833060574 0.29794290081989444 0.03799956463133536 0.0874651683179678
0 0.46069842131279637 0.3204236238051058 0.037574784537270645 0.08097131469433277
0 0.47485027293935056 0.37635966761650635 0.032575417830836895 0.08164547823833435
0 0.347748617670674 0.3814183696365369 0.03388679657443766 0.08627280485353306
0 0.4023398036419557 0.39173113953599437 0.03776862582990981 0.09164535007456892
0 0.4714417135573049 0.5005431408944251 0.03732535602883141 0.09257862213822166
0 0.4231149897211439 0.4705412826118873 0.03945253673962423 0.0942571128077116
0 0.31499352569263217 0.5097763317957318 0.03674043381568548 0.09134725920846043
0 0.354266354898917 0.4980027258053451 0.03243382060370387 0.07948080131641011
0 0.361233386554266 0.5876978889462134 0.03638644847274264 0.08593568499840809
0 0.4383664268777805 0.6177799166123759 0.03610326174336609 0.08160644924931815
0 0.40094790738560726 0.5611640311434936 0.03814115413357866 0.08962972714513373
