0 0.5554404258728027 0.30548572540283203 0.02959299087524414 0.06320381164550781
0 0.5052611231803894 0.3664322793483734 0.02273082733154297 0.060495078563690186
0 0.5331385135650635 0.3867477774620056 0.02959299087524414 0.05959218740463257
0 0.5783857107162476 0.4079662263393402 0.02916407585144043 0.06771838665008545
0 0.5910377502441406 0.45266035199165344 0.025304079055786133 0.050563037395477295
0 0.48467475175857544 0.46304383873939514 0.025304079055786133 0.05688345432281494
0 0.5303508043289185 0.471170037984848 0.02315974235534668 0.06591254472732544
0 0.5496505498886108 0.5406942367553711 0.027448534965515137 0.06049513816833496
0 0.5918955206871033 0.5578495264053345 0.03045070171356201 0.062300920486450195
0 0.4600139558315277 0.5727475881576538 0.025732994079589844 0.05778634548187256
0 0.49196574091911316 0.5601068139076233 0.023588597774505615 0.05056309700012207
0 0.5022589713335037 0.6354999542236328 0.026161879301071167 0.06410670280456543
0 0.5344251990318298 0.6151844263076782 0.025304079055786133 0.06320381164550781
0 0.5663769841194153 0.6625872850418091 0.026590704917907715 0.06049513816833496
