0 0.48892793183731936 0.3495703916435132 0.04835661112904199 0.11744024838133893
0 0.419203335835412 0.48021250556161826 0.04606184500774668 0.1008815554133623
0 0.4639035641644715 0.4833666036826685 0.04547498813685713 0.10746452694872494
0 0.5441686548562306 0.48792284686793475 0.052753462947477736 0.11887838953410429
0 0.5720343368530978 0.5451687363892879 0.044791909936569785 0.09820792934699052
0 0.3956787716218091 0.6419583248016888 0.04681954776788205 0.09661279417093449
0 0.3703935692042005 0.8256102160194846 0.046403414643560015 0.10550987857123006
0 0.47461484258556375 0.6208791076404719 0.04640341464355996 0.10550987857122984
0 0.4246607830622872 0.7829747495976621 0.045891064536505155 0.09856745273243517
0 0.5170483778332912 0.7077252244837458 0.0502880068752834 0.10000565223170022
0 0.45066491855884694 0.898894949308304 0.050384253307019455 0.11584517210328937
0 0.5012820071931723 0.8373082338479302 0.047844256675321994 0.11049776364453723
0 0.5916465742172607 0.7117650632400405 0.055709590530164776 0.11532868414355735
0 0.563063731305826 0.8964955824091628 0.049871903199964596 0.1089027462644947
