0 0.5899691390627408 0.31733846685345224 0.03790498866852532 0.07261103172984018
0 0.5301641668958008 0.32832252823376507 0.039214100110731676 0.0825558784716412
0 0.5005521402497681 0.32004211259454773 0.03319539745123051 0.07617530455214638
0 0.4513988975582115 0.3945752336972831 0.04093575789499909 0.08528180585538708
0 0.5749996750767484 0.4303540129078524 0.03920381324765332 0.07804141381758722
0 0.6030137949755242 0.49056849692883414 0.03747601891887786 0.07260672455493611
0 0.4955900475089412 0.49616169278865313 0.03879541729167735 0.08706606575277476
0 0.5419232046249303 0.5020169771898815 0.035348010805995034 0.07980841940265193
0 0.42387671353522294 0.5515085509284295 0.04264502378740481 0.08259038709628697
0 0.47419146938591056 0.6110476692866877 0.040065664784680655 0.07985578815263861
0 0.5814498827561938 0.627126199912384 0.03663871315479461 0.0816272189236048
0 0.5320412458833087 0.6836034991722938 0.031042843700432865 0.07254219030010889
0 0.48730736759169635 0.7210724535552137 0.04005339196572333 0.074438383602762
0 0.5530883174722634 0.7921942368219834 0.03575436113461039 0.06988079717119033
