0 0.569103599702834 0.2664087042980565 0.030334422547820927 0.0736725366586613
0 0.5261346956653108 0.22571324181538382 0.02933985508615733 0.06280777401752854
0 0.5043762254636823 0.3039377658207644 0.033237983156868656 0.07517328792121758
0 0.46273803567176497 0.24948130572258242 0.032817611974351735 0.07948690936532568
0 0.4127700113713242 0.27677343304622243 0.035952390870435724 0.0808877498691993
0 0.545691583354391 0.1182854109257295 0.03146234425289718 0.06519675615769445
0 0.48023850500428267 0.09481783552324376 0.035829856728406606 0.07543123515361275
0 0.4475537739023648 0.15062686712643947 0.03536053169462672 0.07756226854495453
0 0.38747194023863374 0.14245942730376296 0.03856871276842294 0.08223704026093503
0 0.39706766167985313 0.030985492906946507 0.036719493907939826 0.061970985813893015
