0 0.37956372114711184 0.12310769777036307 0.045804052537378584 0.10147531835086313
0 0.31245545812723136 0.2391595811882008 0.039945394654690186 0.09474767293533602
0 0.3586589646111571 0.2593425174347816 0.04607035516840973 0.09362639869941514
0 0.4325579447223346 0.27251748970685463 0.04473884201325353 0.09755085852513865
0 0.4597208130875244 0.3333466170055768 0.03834757886850291 0.07904983363244035
0 0.2940805765860739 0.3913725587144956 0.03781497360644044 0.08409556769408541
0 0.3678464053817359 0.38576618753489 0.038880184130565494 0.09082321310961233
0 0.4103216750312236 0.4723846222597981 0.04074430254778449 0.08577747904796723
0 0.47663103015801 0.48640055020881234 0.04393993412015959 0.0891413017557305
0 0.32523798441673224 0.5248041927891111 0.03461934203406468 0.07624664804263723
0 0.276742943792783 0.5595636941026667 0.040422076364236614 0.08297429345816447
0 0.3526671554129534 0.6285220596118168 0.03834757886850291 0.0852168419300066
0 0.3984712079503321 0.5847923644108923 0.0399453946546906 0.08745939040184879
0 0.45468236730841255 0.6338481122324419 0.03945539781359306 0.09474767293533577
