0 0.6050585658749332 0.103242322548635 0.04967091510788346 0.10917682855621752
0 0.6765376502069507 0.20708511153012266 0.043565756189960836 0.10144224420357081
0 0.6312965992466123 0.2353240147145968 0.04962476028918883 0.1014021805542851
0 0.5581788212755856 0.2614507063026371 0.04845358730765026 0.10507873094636683
0 0.5335248873980089 0.3268447014706721 0.04135056468075193 0.08551825393289642
0 0.7008887487054577 0.35553406661423026 0.041020036998335785 0.09045270383661647
0 0.6271583088755084 0.36292163227032026 0.04234848837733218 0.0973441719263839
0 0.5882688750109365 0.45670807322269313 0.044005870384047574 0.09264394481069993
0 0.5227476311485426 0.4823378014442205 0.04732383087223424 0.09655804057905859
0 0.6751353674506655 0.4939793400402149 0.037524085404576746 0.08206909859810863
0 0.7248402838758861 0.5200877596036884 0.04357353240088313 0.08979389388327363
0 0.6519180565669679 0.6021589952731569 0.04159529919854155 0.0916637477844886
0 0.6045387602212372 0.5666384861254943 0.043276529217842086 0.09417950662603558
0 0.550470871066387 0.6254094697586854 0.04307745950357178 0.10135605854655394
