0 0.590381920337677 0.3182438910007477 0.037741780281066895 0.07223290205001831
0 0.5305527448654175 0.328627347946167 0.03902840614318848 0.0821649432182312
0 0.5009598135948181 0.3200497031211853 0.033023953437805176 0.07584458589553833
0 0.45163828134536743 0.3940884470939636 0.04074394702911377 0.08487367630004883
0 0.5751565992832184 0.43110784888267517 0.0390283465385437 0.07765042781829834
0 0.6030339896678925 0.49160292744636536 0.03731280565261841 0.07223290205001831
0 0.49559879302978516 0.4961174577474594 0.038599491119384766 0.08667948842048645
0 0.541918158531189 0.5024378895759583 0.03516840934753418 0.07945621013641357
0 0.42376089096069336 0.5507436394691467 0.04245936870574951 0.08216500282287598
0 0.4739401936531067 0.6107872724533081 0.03988611698150635 0.07945621013641357
0 0.5811609625816345 0.6279425621032715 0.03645503520965576 0.08126211166381836
0 0.5316249430179596 0.6839231252670288 0.030879557132720947 0.07223296165466309
0 0.4868066906929016 0.720942497253418 0.03988611698150635 0.07403874397277832
0 0.5524257719516754 0.7927239537239075 0.035597264766693115 0.06952416896820068
