0 0.5162107764626567 0.5042643311029017 0.052119006597386386 0.11344265752359495
0 0.4389398559293931 0.5638757624964842 0.04358608244401535 0.10960896772192119
0 0.4833564824179352 0.6099784122285352 0.050282827049961676 0.11627036391971979
0 0.5539072635719675 0.6720323947765904 0.052817946260852566 0.12235113198929537
0 0.5772241040686537 0.743285495990099 0.04451368067559569 0.09520039294356897
0 0.40627732588724463 0.6920775847466454 0.04535616356851985 0.10069257114384955
0 0.47882578819198485 0.736980874061957 0.04781759972914679 0.11108041683319148
0 0.37008083971249006 0.8348495383543084 0.044723356345823084 0.09787285589271111
0 0.42095224685338917 0.834694038916693 0.034924824667961485 0.08839982380050293
0 0.5107458882914856 0.8370913845208643 0.044723356345823195 0.09787285589271111
0 0.5786161045041724 0.8972981143883335 0.0489472913105784 0.10974010220960828
0 0.43844326942648537 0.9441877572748176 0.04352758421054753 0.09312434353956356
0 0.48856942901315414 0.936909430499653 0.045919069673270474 0.10262134779628396
0 0.540010528479749 0.982505220606498 0.04355033117167606 0.03498955878700394
