0 0.5814604738139564 0.21340786613029433 0.037997743863344646 0.08056984401069947
0 0.5410391505827237 0.28393826672759526 0.03682010730556329 0.09073166615929179
0 0.5166748408295107 0.30847025042007953 0.03544635640563781 0.07979520234893722
0 0.591232972757687 0.31804690887133197 0.038911557108992634 0.08479209026621848
0 0.6239840736948346 0.3327773549965973 0.032207978540247484 0.07355233720518517
0 0.49842168800313813 0.4127080891742358 0.044836208651057474 0.08922067625692742
0 0.5815157196629739 0.4090696457152647 0.0389575503692664 0.08546350464741165
0 0.5469058810006316 0.4456223461413664 0.04041114951961422 0.07933021303172072
0 0.6327919184185256 0.461355185304905 0.034897466798344046 0.07634130207882306
0 0.6402671572832932 0.6085004070137434 0.03754083976629041 0.07845875775439126
0 0.6072143309421868 0.5489686199318796 0.031110250237518677 0.06664443658758956
0 0.5819435285016482 0.6172980150930927 0.03644911958368624 0.08075710182257356
0 0.5505727548748787 0.5514297329126427 0.041600982331534975 0.08758097823425703
0 0.5060304173278303 0.5546723835723038 0.041643937993353586 0.08364920232260065
