0 0.45142980282509854 0.14915648077984967 0.05466631914946418 0.12827351389911845
0 0.3761689905096467 0.2800200585296458 0.04875708925785188 0.1246240291081788
0 0.4245689331815976 0.2880591632314177 0.055185122224861494 0.1352263547957069
0 0.3476677646993934 0.4479627353697273 0.04958274365102616 0.12489709846043823
0 0.31885329638303206 0.6400537742961317 0.05440696287209246 0.12479712277566946
0 0.375375439715841 0.59820788848131 0.04593855022920318 0.1084341601388582
0 0.40209306250452603 0.7238451367822977 0.05262596452147128 0.12251282780333383
0 0.519451946404633 0.720656865965893 0.05783923617432185 0.12762748783377142
0 0.4549299096617949 0.6609542791295441 0.053274434309967755 0.1312039035555541
0 0.4729680622694813 0.5285313827763276 0.053888187041295166 0.11784426217389343
0 0.43107554905740186 0.43195722991228225 0.04780174530040504 0.12261280348810238
0 0.5041663264094618 0.2946868714990698 0.05014900793208854 0.12169370807049604
0 0.5504364780273434 0.5349725832461224 0.05301504639456933 0.12772747325466577
0 0.5334923341461948 0.3589043185047454 0.04480601288022501 0.11484082315348842
