0 0.5163241686430137 0.49864563247273014 0.04503272028172823 0.09932028533313449
0 0.44470069924255085 0.5839707866907412 0.03645505927568465 0.09841737364828788
0 0.49209227630094077 0.6142183281331048 0.04288830503021721 0.10293193207252131
0 0.5665034855283676 0.6512377072118185 0.04503272028172802 0.10834940218160134
0 0.5950242083734623 0.7135386134662395 0.038599474527195594 0.08306787500589437
0 0.4223987806268379 0.7216648186298597 0.03902835757749763 0.08848534511497434
0 0.497453314429718 0.7410774198540632 0.040743889778706334 0.09841737364828788
0 0.39773800523446295 0.8749467316487355 0.038599474527195525 0.08577661006043442
0 0.4479173221198171 0.8573399537942251 0.02916404742054773 0.07945622826650776
0 0.5366961135323668 0.8288982357215547 0.038599474527195456 0.08577661006043429
0 0.6083195829328295 0.8650147031154218 0.04203053892961293 0.09661155027859451
0 0.4736503051379475 0.9593689741818996 0.0377417084265911 0.08126205163620086
0 0.522542972872395 0.9349903586910395 0.03945724062779973 0.09029116848466771
0 0.5778688863613752 0.9756213845091399 0.040315006728403976 0.04875723098172062
