0 0.4785732570988839 0.27179667414564423 0.03653739231067704 0.07803812501274271
0 0.5378140164814903 0.3343721515528987 0.029392814639209064 0.06746632399609409
0 0.5072077462490043 0.3610446019019187 0.033987775269574694 0.06931852540210637
0 0.4547911358319725 0.39445770911141576 0.03490636073898595 0.08019116148206923
0 0.43965791277761507 0.4484234232498287 0.032732330379053765 0.0655582369322053
0 0.5690624075529724 0.4425182844722062 0.030156257048077673 0.07354295422288698
0 0.5140706819415438 0.4582322177154149 0.03027267284855989 0.07713993740522257
0 0.44247502115129383 0.5708845507252538 0.036770106901491184 0.08523213379249772
0 0.49261354461662543 0.5377980880872952 0.03569631890463271 0.06956348333345452
0 0.6011191315882704 0.5668100407533955 0.03341826072455545 0.06923687275832369
0 0.5615249753367423 0.5544183441586348 0.02821500074586414 0.06610404697868855
0 0.5532505876967992 0.6435374992392704 0.03365097339171086 0.07643082207117391
0 0.5137860773143489 0.6263090256733976 0.033573403785098044 0.07403287861149355
0 0.47800099503404175 0.6874515687237321 0.03702927585852056 0.07572176620403004
