0 0.4778786450624466 0.13753899931907654 0.04680320620536804 0.11436876654624939
0 0.393883615732193 0.2422304004430771 0.04095280170440674 0.11260923743247986
0 0.4411047101020813 0.265983909368515 0.04680323600769043 0.12140685319900513
0 0.35334867238998413 0.3988276422023773 0.041788578033447266 0.11260926723480225
0 0.31072431802749634 0.5791783928871155 0.04680323600769043 0.11084973812103271
0 0.36964622139930725 0.5563046336174011 0.039281249046325684 0.09677362442016602
0 0.3867795467376709 0.6891483664512634 0.045131683349609375 0.10909020900726318
0 0.5029518157243729 0.724338710308075 0.05014631152153015 0.11260926723480225
0 0.4436120092868805 0.6442806124687195 0.045131683349609375 0.11788785457611084
0 0.47119247913360596 0.5193547010421753 0.04680323600769043 0.10381162166595459
0 0.43692585825920105 0.4102645218372345 0.04011702537536621 0.11084973812103271
0 0.5192493796348572 0.298535019159317 0.04262435436248779 0.10909020900726318
0 0.5472477078437805 0.5510260462760925 0.045131683349609375 0.11436879634857178
0 0.5434867143630981 0.3715550899505615 0.03760969638824463 0.10381162166595459
