0 0.43254264929267844 0.2642855626250294 0.029854419776541352 0.0728202075864969
0 0.47579235748454274 0.22493055894895536 0.02893512979986884 0.06197248603673308
0 0.4969996714762639 0.30382308224233734 0.0327511819118278 0.07423221356877063
0 0.5390153629203507 0.25066720529125264 0.03229984153604104 0.07856452886181622
0 0.5887864749545686 0.27950999783908614 0.03542879460877668 0.079869271695687
0 0.45699124081913844 0.11690636813873398 0.031043523593607514 0.06429826158765893
0 0.5226018122934462 0.09547646672669347 0.03534455289493055 0.07440954219259882
0 0.5548914616753002 0.152295668619931 0.03485960537727861 0.07655798371003854
0 0.6150240393219981 0.14599722740619073 0.03803898486041268 0.08113859035238567
0 0.6062359953614783 0.03234703605728922 0.03628075177323287 0.06469407211457844
