0 0.38275214228302123 0.5297406398836616 0.045593559603583855 0.09479818696256004
0 0.4536927394693747 0.554853189111501 0.0451188707220182 0.11281024246745935
0 0.49225426270741335 0.5497552063215171 0.042162276598817716 0.09351554972513987
0 0.5491046495650846 0.647847677804018 0.045073960168850125 0.10439829063132544
0 0.4008711841307372 0.6647761619398771 0.044490407850585945 0.10198145705083117
0 0.3651447489650309 0.7270291192850424 0.04329108765372475 0.0911391815294228
0 0.4937176335135638 0.7571091131651827 0.04511243382426544 0.11160856861693191
0 0.44061975150592947 0.7582580495250733 0.04621561521881795 0.10442526943243946
0 0.38977691057808483 0.891281449755203 0.04143284685494958 0.10267378596008037
0 0.5803845310756459 0.8306672760433202 0.04679282004066443 0.10564043127507661
0 0.5195713964972257 0.8869190721784244 0.04907604073926486 0.10569438676463383
0 0.4466720189858645 0.9615138928382337 0.03521650613671484 0.07532822845657017
