0 0.49855089822272175 0.19546477690074676 0.05721136800905635 0.12638834541262547
0 0.39501411077177967 0.2868734477035857 0.05579083297850951 0.12141662618944105
0 0.447668982218542 0.3301829462356949 0.05609249446305048 0.11016500396840284
0 0.33993246261456245 0.44988882503527305 0.05767286886217604 0.1174543476112006
0 0.4327071378887949 0.4900797161506808 0.05643018841877906 0.13068709437482412
0 0.2802514798147697 0.6469955303988724 0.05735319215906404 0.11281912826504414
0 0.34728067770439464 0.6367201630082139 0.05326943758648234 0.11610837759615888
0 0.3629213891631772 0.7929555911780585 0.060052436036104384 0.13633175436592437
0 0.43209937634114626 0.7596722795007613 0.05895158584485177 0.1359953724611761
0 0.4686610232536431 0.6288595008720146 0.06349692974976301 0.12377215237411743
0 0.5578043980446371 0.6809559746007751 0.0653970103450705 0.13569672437823188
0 0.49876275695560157 0.8687921925248763 0.06571665958915807 0.140331964202298
0 0.5377443800545733 0.3932135136689066 0.06209437637662618 0.13468720671682743
0 0.5625038055190109 0.482425177448783 0.05326943758648239 0.11610837759615888
