0 0.5221213400363922 0.13753899931907654 0.046803176403045654 0.11436876654624939
0 0.6061163544654846 0.2422304004430771 0.04095280170440674 0.11260923743247986
0 0.5588952898979187 0.265983909368515 0.04680323600769043 0.12140685319900513
0 0.6466513276100159 0.3988276422023773 0.041788578033447266 0.11260926723480225
0 0.6892756819725037 0.5791783928871155 0.04680323600769043 0.11084973812103271
0 0.6303537487983704 0.5563046336174011 0.039281249046325684 0.09677362442016602
0 0.6132204532623291 0.6891483664512634 0.045131683349609375 0.10909020900726318
0 0.49704816937446594 0.724338710308075 0.050146281719207764 0.11260926723480225
0 0.5563880205154419 0.6442806124687195 0.045131683349609375 0.11788785457611084
0 0.528807520866394 0.5193547010421753 0.04680323600769043 0.10381162166595459
0 0.5630741119384766 0.4102645218372345 0.04011702537536621 0.11084973812103271
0 0.4807506203651428 0.298535019159317 0.04262435436248779 0.10909020900726318
0 0.4527522921562195 0.5510260462760925 0.045131683349609375 0.11436879634857178
0 0.45651328563690186 0.3715550899505615 0.03760969638824463 0.10381162166595459
