0 0.4248729820740579 0.2185929823913043 0.03442960406549206 0.07881163784795944
0 0.36723994632439916 0.2986349167593365 0.029797066157157992 0.08066082941366093
0 0.40041020119641035 0.3185030476105093 0.034464921692323125 0.08099541911193203
0 0.4521513796293173 0.3298639258965016 0.03435896881183015 0.0744440753200144
0 0.4689554540548312 0.3824467554110957 0.02920781338299222 0.07625609262477395
0 0.34277162227253893 0.41494190093872246 0.030315743247787963 0.08069800794456161
0 0.3975772815395813 0.41340456288593647 0.03401687985535501 0.0853258031089763
0 0.47161900448227434 0.506710929704827 0.03351592114826679 0.08638051948002062
0 0.4220848563722512 0.48730957726262314 0.035608169183949934 0.08762111569569214
0 0.3164471266908514 0.5496994945391314 0.03297958524422118 0.08525145031713366
0 0.3549385829276333 0.5295022893551677 0.029172494792751746 0.07407225179067511
0 0.36624158138087415 0.6172184024731047 0.032891290695439 0.07979196737213923
0 0.44443383244952356 0.6304752514359786 0.032820655441777036 0.07542440484419421
0 0.4044528148008186 0.5822434548187899 0.03450023835574462 0.08317914080577826
