0 0.3633395902509705 0.14848807844194983 0.0501136027366203 0.11005368470198498
0 0.3016842144857227 0.2772514152083172 0.04398161135732964 0.10220136811353886
0 0.3485821145701037 0.28824344533918 0.05002980934520451 0.10229166075529864
0 0.4227424360281316 0.2868021360369428 0.04887858401585865 0.10593660017135526
0 0.45248993670283966 0.3420130907617641 0.04169304285455233 0.08625763408873882
0 0.2901557450858905 0.432416425950956 0.041387033988470934 0.09117633449583012
0 0.3633486750398335 0.4123023905000867 0.04274659329891428 0.09808429841868394
0 0.409487707823746 0.49017292266061946 0.04437826898986652 0.09342794178990921
0 0.4761290715885687 0.49106401701679414 0.0477094079923015 0.09740652816453421
0 0.32710737383046884 0.5591243689016497 0.03785653138444639 0.08273223922542172
0 0.2803701527258128 0.6032851461720112 0.04393286092342635 0.09057358592340636
0 0.3590263656608078 0.6569834289598873 0.041967164163833004 0.09239762722367917
0 0.40268567757424556 0.6044220125539981 0.04365765510876868 0.09494513127662674
0 0.460830690927729 0.642188614307204 0.04349375173617537 0.10210483361012646
