0 0.5000292658805847 0.3477751612663269 0.04115927219390869 0.10538643598556519
0 0.4216042160987854 0.454332560300827 0.0400468111038208 0.08899295330047607
0 0.4655444920063019 0.4718969613313675 0.038934409618377686 0.09601876139640808
0 0.5445257425308228 0.5023419111967087 0.04560887813568115 0.1053864061832428
0 0.5678864121437073 0.567915678024292 0.03893446922302246 0.08665108680725098
0 0.386563241481781 0.6065573692321777 0.04115927219390869 0.08430910110473633
0 0.3481850028038025 0.7798594832420349 0.0400468111038208 0.09367680549621582
0 0.46610069274902344 0.6112412214279175 0.0400468111038208 0.09367680549621582
0 0.40491804480552673 0.7552693486213684 0.0400468111038208 0.08665108680725098
0 0.501697912812233 0.7107728123664856 0.044496506452560425 0.08665108680725098
0 0.42216041684150696 0.8782201409339905 0.04338407516479492 0.10304450988769531
0 0.4766686260700226 0.8337236642837524 0.04115927219390869 0.09836065769195557
0 0.5751171112060547 0.7388758659362793 0.04894614219665527 0.10070252418518066
0 0.5334016680717468 0.9121779799461365 0.04338407516479492 0.09601879119873047
