0 0.4765897459527877 0.24158591709278399 0.036917183898989014 0.07604702762351831
0 0.5327108048566924 0.2862205903787049 0.031143754582285244 0.06556580170004278
0 0.5069094773700004 0.3172682472184138 0.034427646313433036 0.0719215077925367
0 0.4628315796811674 0.35472030007203087 0.03802945134522551 0.0783886723185292
0 0.4527876856275683 0.40741063144097955 0.032679741436602516 0.06935716972742273
0 0.5657837114251045 0.3760676815138899 0.030348978199670307 0.06723914869176623
0 0.5182106828731903 0.40236579020170327 0.03606944276157564 0.07705118481560397
0 0.46170269746504977 0.5160385339847346 0.03591031194446337 0.07894732807000338
0 0.504032657392785 0.4771358584137801 0.0371825418984309 0.07158560131581482
0 0.6002061241731115 0.478852068010468 0.03267968031658719 0.06935711972668962
0 0.5646876138724306 0.4758249601077703 0.030190621439550536 0.0613280578474496
0 0.561871634380467 0.5579607104684506 0.032414737581389796 0.06991492458752369
0 0.526512670161143 0.5486883217249339 0.034480555758864995 0.0725907210861364
0 0.4982187170996153 0.6081176057538573 0.03532793345501101 0.07549011775014147
