0 0.617081880569458 0.5325093120336533 0.045096635818481445 0.09373846650123596
0 0.54601189494133 0.5559439659118652 0.04452580213546753 0.11176514625549316
0 0.5074799954891205 0.5499351024627686 0.041671574115753174 0.09253668785095215
0 0.45011019706726074 0.6466780304908752 0.044525742530822754 0.10335266590118408
0 0.5982440710067749 0.6671081781387329 0.04395496845245361 0.10094916820526123
0 0.6336363554000854 0.7302014231681824 0.04281330108642578 0.0901331901550293
0 0.5049112141132355 0.7572413682937622 0.04452580213546753 0.11056339740753174
0 0.5579996109008789 0.7596449255943298 0.045667409896850586 0.10335266590118408
0 0.6081300377845764 0.8938613533973694 0.04089319705963135 0.10171389579772949
0 0.4178575873374939 0.8287469744682312 0.04623830318450928 0.10455441474914551
0 0.47836700081825256 0.8864322304725647 0.04852169752120972 0.10455441474914551
0 0.5508640706539154 0.962744951248169 0.03482145071029663 0.07451009750366211
