0 0.37956371903419495 0.12310769408941269 0.04580408334732056 0.1014753133058548
0 0.3124554455280304 0.23915958404541016 0.03994542360305786 0.09474766254425049
0 0.35865896940231323 0.2593425139784813 0.04607033729553223 0.09362639486789703
0 0.43255794048309326 0.27251750230789185 0.044738829135894775 0.09755086898803711
0 0.45972082018852234 0.3333466053009033 0.038347601890563965 0.07904982566833496
0 0.29408058524131775 0.39137256145477295 0.037814974784851074 0.08409559726715088
0 0.36784639954566956 0.3857661783695221 0.03888016939163208 0.090823233127594
0 0.4103216826915741 0.47238464653491974 0.04074430465698242 0.08577749133110046
0 0.4766310155391693 0.4864005297422409 0.043939948081970215 0.08914127945899963
0 0.3252379894256592 0.5248041749000549 0.03461933135986328 0.07624661922454834
0 0.27674293518066406 0.5595636963844299 0.04042208194732666 0.08297431468963623
0 0.3526671528816223 0.6285220384597778 0.038347601890563965 0.08521687984466553
0 0.3984712064266205 0.5847923755645752 0.03994542360305786 0.08745944499969482
0 0.4546823799610138 0.6338481307029724 0.039455413818359375 0.09474766254425049
