0 0.5632559598791218 0.14961152911240172 0.02982015677409844 0.0640134815913446
0 0.5267235603226331 0.18299515283706114 0.027879185635007575 0.0579525483870163
0 0.5824935127251449 0.18927118698229328 0.029811318996272207 0.06301578531731233
0 0.5471790281719495 0.2535462122824139 0.03556358952118577 0.07321698729970771
0 0.6547944431541057 0.2228383709782925 0.03218008703433062 0.06410688879513901
0 0.7194950481705562 0.25121708146484 0.03461071978112007 0.07218189598829067
0 0.60474851667939 0.2497704995094734 0.03553701632956052 0.07022386632174393
0 0.755724218078648 0.290204202749876 0.03465490893419898 0.07717040715555112
0 0.6795243883285904 0.29621439763931 0.03220660036780898 0.06709997761723574
0 0.659787382940339 0.3334244736311881 0.035554811073609915 0.07221926358734398
0 0.5931572729896217 0.3270792817437117 0.0336490721213748 0.07014914055870836
0 0.6616107488822223 0.4326584698799303 0.03844853250042124 0.07931525358845448
0 0.8410746934472575 0.4110834259768162 0.04078200928532183 0.07641560412601922
0 0.7886854703798313 0.5199485735338633 0.03798538449014921 0.08029429821882705
0 0.7038687304484041 0.5392744587956229 0.04184965121267836 0.09042077207941923
0 0.7520666278358463 0.3836668018671051 0.039855712736881155 0.07837363379256596
0 0.7171393918105169 0.3850492390977177 0.04078194916322675 0.07641554217305296
0 0.59990120043299 0.4221262758153903 0.03991751785141373 0.08535753514912309
0 0.5327778474228471 0.46670122495896943 0.039882166212212744 0.08136669045879563
0 0.5785220347971056 0.38055529188084924 0.03845737054219556 0.080312979659586
0 0.38586015220167236 0.27140889737957935 0.03279347832343982 0.08008880001171159
0 0.4417158546153183 0.2607146647545861 0.03124495270806371 0.06506722218765348
0 0.44050579469999673 0.31066513167274773 0.03175228987141476 0.06907668872454142
0 0.42931846260679296 0.40692089178451696 0.04274949375789083 0.08546962615244419
0 0.4608790639288586 0.34528957713224934 0.03315941051367616 0.068135066569885
