0 0.47615049136667453 0.22732246563028663 0.030810665670021165 0.06512819593983707
0 0.6227347297031659 0.3265623750835452 0.037066684388242344 0.08056052302654582
0 0.5214193492954224 0.2491152053149685 0.03398558362754567 0.07404773434762979
0 0.6470708116710536 0.4949637048762251 0.04318189255106031 0.09238282137106918
0 0.5468061205289548 0.4003719990777102 0.038680590808042314 0.07845150785187782
0 0.5108116674687959 0.4914522535309891 0.03896221191884863 0.08567156533624826
0 0.4392894380267748 0.4063895705316831 0.03882140194270539 0.08206155144483146
0 0.47395560629506595 0.4869719723955723 0.040100731228770004 0.08586999263752759
0 0.47699774399193795 0.30047226190017384 0.03616886619141413 0.07203789412670558
0 0.6142921965661323 0.6097140269089338 0.04081086257998745 0.08957928993574649
