0 0.4834271935964888 0.22492304541400227 0.029296473465867556 0.061927461838098635
0 0.6271457851667367 0.3413949832230845 0.035185612487036444 0.07672698373870662
0 0.5280461538494381 0.25205141834844513 0.03225592985007064 0.07053427282101207
0 0.6469727515748561 0.5124177786836651 0.04103000289150782 0.08790546232687418
0 0.5493773116420371 0.40608133243509925 0.03686877001882516 0.07440757288356192
0 0.5110215575761072 0.49274824762513464 0.03695826725222007 0.08164965950844294
0 0.4418703057228466 0.3993353552276926 0.036913518819607194 0.07802863109208208
0 0.4743425206456639 0.4839030111219507 0.03810026030205371 0.08171271832688054
0 0.48233111008554863 0.2980580713804819 0.034510202339073925 0.06824633837104699
0 0.6111993682246528 0.6230989361766878 0.03871606558024099 0.08536533902691845
