0 0.5281621538271073 0.22916651517318312 0.03166919306396154 0.0669429709153912
0 0.3800859151780965 0.3179593730962559 0.038135046764680935 0.0827302454749832
0 0.482573014882245 0.24773792641579243 0.03496809397139872 0.07603597665184475
0 0.3530918156372982 0.48454081493938417 0.0444028363897247 0.0949194892789959
0 0.454800787503281 0.3971099861310776 0.03970514139485992 0.08075013412028792
0 0.48933001016493716 0.4906906281480692 0.040101180738100706 0.08794617379399927
0 0.5621615530536286 0.4107459447914439 0.03990314707967202 0.0843481651189209
0 0.5262364351353266 0.4888255651085234 0.041235881967355725 0.08822519085315411
0 0.5261548626791419 0.3022151080228122 0.037105639567494686 0.07419534009834106
0 0.3840314364844006 0.601550231458048 0.042001313902640725 0.09196277818194032
