0 0.6152330221609925 0.24326538187721874 0.024757209340836583 0.055843346455270115
0 0.5558031815783965 0.22351098294596428 0.02769830037585974 0.06206032419663757
0 0.4509201641946963 0.32202627777210246 0.031227657023935484 0.06952068266163142
0 0.3770155149707635 0.4088962788492365 0.03518973406462933 0.0673625985028743
0 0.5510772660571361 0.3524635233190957 0.028217460547961704 0.05847617992281934
0 0.5082299149459176 0.37332386634826475 0.03231768804033769 0.0659730823708683
0 0.6818321909367029 0.36463585009939664 0.027681023909016722 0.06085343550010447
0 0.6001082633525466 0.40429061032832686 0.030016572864144164 0.06462014382131254
0 0.6290447499330907 0.4096876684186528 0.027196416244179566 0.06685132737830107
0 0.4990762586423531 0.432496559806426 0.03169489928228708 0.062315926159529245
0 0.5732721562963226 0.485734025841859 0.028805607432683566 0.059719582813719585
0 0.4111665813492654 0.49912262847071287 0.03235224097402384 0.06838685976393455
0 0.521886591437627 0.5089524983184053 0.030639391837304353 0.0682773317266932
0 0.39678800934282815 0.5525895807600082 0.030622115370461334 0.06707044303016008
0 0.35165569196821755 0.6333913034761649 0.035345161409576165 0.07822450359490163
0 0.40519465266996957 0.6408386817314361 0.034601467598733615 0.06611915820187209
0 0.49996311910061664 0.6341730593066688 0.032438652670505774 0.0744212753632657
0 0.598409820134471 0.5451293097816157 0.029324768457628325 0.05613549811727736
0 0.6598038290502382 0.5424104303055076 0.031244933917199957 0.0707276011468525
0 0.5508118863633642 0.6333366418384896 0.03240406909528848 0.07200743648746999
0 0.49784056585355313 0.7853068176965733 0.028200155571694974 0.057269378686996886
0 0.549165648397165 0.7578642506291815 0.031193104943092353 0.06710696484594114
0 0.5427104179127802 0.8458559279222657 0.03057028639635362 0.06344980672924849
0 0.6014003067298118 0.6741923178857261 0.029462978486686886 0.06579048853479053
0 0.6450357288843444 0.608586157441755 0.03171214638686348 0.0635228427393969
