0 0.6070116547599398 0.22782940739971902 0.02634274628221389 0.05894245288280234
0 0.5470965311914804 0.2163640970809635 0.029459219364063483 0.06553015421720274
0 0.44549910081598626 0.32922046394478 0.03319903371636068 0.07343538767487529
0 0.3744515800051781 0.4261580987133634 0.03706966899091907 0.07184132469885413
0 0.5463853937695843 0.345694267243146 0.029863686820141178 0.06204016290390796
0 0.5042782722342278 0.3724551118712286 0.034172007691744444 0.0700610754010475
0 0.6772363013558986 0.3396967957225182 0.02940450057282573 0.06432826594174434
0 0.5969201116106057 0.3906060307495931 0.03184291359298963 0.06839654687741431
0 0.6259617891621261 0.3919762231610924 0.029109469348642336 0.07022200414068924
0 0.4969819507676253 0.43277033634760664 0.03343925850408769 0.0663397727615786
0 0.5726710896836542 0.4755975571024441 0.030486910780103682 0.06335770055356665
0 0.41133093974032975 0.5114510395360035 0.034281445274219835 0.07246485195196423
0 0.5221174015299764 0.5058962068392727 0.03257569379649383 0.07211788521686968
0 0.39864378201583195 0.5667978384840795 0.03252097500525625 0.07091599694141137
0 0.3561180853015528 0.6536878369104606 0.03756207472978257 0.08265821811273966
0 0.4097728439801612 0.6536900896426934 0.03644632501930917 0.07052373324504879
0 0.5041299051579597 0.6338887788511525 0.03455506754509413 0.07847426969870941
0 0.5995990378502951 0.531376630885018 0.030891380937343782 0.05986776857080511
0 0.6607761919130692 0.520144587585925 0.03325375385817941 0.07463730561560017
0 0.5548430219398199 0.6259983942341578 0.034445597596190036 0.07607042778253958
0 0.5067053462833551 0.7849910819737003 0.02980894241538007 0.06083835758952938
0 0.5570675045103578 0.7504858411227606 0.03308959883504725 0.07103167045449166
0 0.5533587540384299 0.8391834563613788 0.03235681998212414 0.06731036178030281
0 0.6065910895714468 0.6597463031180115 0.03132912586492165 0.06948275611340582
0 0.6480950136208573 0.5882268007067877 0.03349394898063984 0.06754168466758359
