0 0.30725401639938354 0.40652701258659363 0.08157187700271606 0.03944730758666992
0 0.25015372037887573 0.4944259375333786 0.09063541889190674 0.04201999306678772
0 0.30725401639938354 0.5553119778633118 0.09244811534881592 0.0385897159576416
0 0.4631468951702118 0.44340166449546814 0.08519726991653442 0.03773218393325806
0 0.5302171111106873 0.3602192997932434 0.07794642448425293 0.03601711988449097
0 0.6271969676017761 0.34478339552879333 0.07613372802734375 0.02915668487548828
0 0.7024243474006653 0.44040024280548096 0.08882272243499756 0.03344446420669556
0 0.5429060459136963 0.48842307925224304 0.07794642448425293 0.03858977556228638
0 0.6199461221694946 0.48542164266109467 0.08338451385498047 0.03601709008216858
0 0.6244779229164124 0.38551703095436096 0.07794642448425293 0.03344446420669556
