0 0.5772687748282589 0.27803648316492874 0.032680539276111364 0.07777112610203249
0 0.5358788018115901 0.2306395760210885 0.031305243119845616 0.06685635175001597
0 0.5113820641112404 0.30518959976200044 0.03560906911913414 0.07971961602438166
0 0.4718116126987426 0.24428194882245158 0.035347998480895815 0.08392317291577686
0 0.4210087249957573 0.26356886420126535 0.03850184540080226 0.08580959765397403
0 0.5592255849371162 0.12662000026432713 0.03349243841738403 0.06955972846442501
0 0.49479868159887186 0.09283479688631942 0.03818433720663128 0.08038803977360856
0 0.46020914280979275 0.14329958005309568 0.037796323140333155 0.08242300069912559
0 0.40059052355120023 0.12562317105980852 0.041140558655368475 0.08756236347080557
0 0.41427486763740085 0.024782778619337194 0.038833364053620756 0.04956555723867439
