0 0.4633971796648997 0.20535956480755474 0.055216149160432104 0.1225214684041506
0 0.3735368206783773 0.3470580406859194 0.05388382868750452 0.11762426951360455
0 0.4296147883027214 0.36209332016711515 0.0544263508981625 0.10621255624609321
0 0.3389514222595731 0.5333898855926041 0.05587149989938672 0.11343960396616648
0 0.4335829964406279 0.5248488076554634 0.054335141364884376 0.1269436351830806
0 0.3038450909764968 0.755144501417496 0.05564584427859992 0.10877993595574476
0 0.367672201526474 0.7108420640025219 0.05144484192662979 0.11248951009430164
0 0.4009000713221458 0.8543700067162734 0.057880788670481076 0.1323158365366105
0 0.4641522022382081 0.786650381226915 0.05677412956156541 0.13207842425101557
0 0.4844960783095478 0.6410402402208317 0.061630571598387196 0.11928700476552734
0 0.5769814984855142 0.64590707864603 0.06330140586903044 0.13117372685970663
0 0.5414238389828386 0.8583423171589717 0.06352703327699127 0.13583341815507655
0 0.5242679503943559 0.37708820847178914 0.05998135201534349 0.13046112149196526
0 0.5585940748415066 0.45093562907347146 0.051444841926630014 0.11248951009430186
