0 0.5858358144760132 0.24127066135406494 0.038213491439819336 0.08342903852462769
0 0.5304026305675507 0.22438621520996094 0.04340296983718872 0.09534746408462524
0 0.46435463428497314 0.30880844593048096 0.04528999328613281 0.09534746408462524
0 0.6058860421180725 0.29490360617637634 0.04434645175933838 0.0874018669128418
0 0.653063178062439 0.3813122510910034 0.03962874412536621 0.08144265413284302
0 0.5327614843845367 0.3857816755771637 0.04340296983718872 0.08839505910873413
0 0.48487669229507446 0.44587045907974243 0.0401005744934082 0.08541542291641235
0 0.6101320087909698 0.45580247044563293 0.03585463762283325 0.07945621013641357
0 0.5646060705184937 0.4622582942247391 0.0401005744934082 0.07846304774284363
0 0.6150856018066406 0.5526397228240967 0.035382866859436035 0.07250380516052246
0 0.4631752371788025 0.5710139870643616 0.04481828212738037 0.08342897891998291
0 0.5627189874649048 0.6400415897369385 0.03632640838623047 0.08442223072052002
0 0.5068140625953674 0.6107420921325684 0.03491103649139404 0.07349705696105957
0 0.4919532537460327 0.747307538986206 0.042931199073791504 0.08640861511230469
