0 0.49706095457077026 0.23700087517499924 0.032222628593444824 0.06580199301242828
0 0.5489393770694733 0.3004285395145416 0.02706700563430786 0.05698317289352417
0 0.521066814661026 0.32213640213012695 0.029967010021209717 0.06241011619567871
0 0.4746662378311157 0.34384429454803467 0.03318929672241211 0.06783711910247803
0 0.46064937114715576 0.3923478126525879 0.028355956077575684 0.06037503480911255
0 0.5745563507080078 0.4004882574081421 0.02610039710998535 0.05901825428009033
0 0.525577962398529 0.4099854528903961 0.03125596046447754 0.06715869903564453
0 0.4609715938568115 0.5025830864906311 0.030933737754821777 0.06919384002685547
0 0.5057610869407654 0.47884006798267365 0.03286707401275635 0.06105336546897888
0 0.6004955470561981 0.5137761682271957 0.028355896472930908 0.06037500500679016
0 0.5656951367855072 0.498512864112854 0.026422560214996338 0.05291295051574707
0 0.5565116703510284 0.5785605907440186 0.028033673763275146 0.06105339527130127
0 0.522355705499649 0.5571919083595276 0.029967010021209717 0.06308853626251221
0 0.48981088399887085 0.6060346364974976 0.030611515045166016 0.06580197811126709
