0 0.43090600782588423 0.3259319823043177 0.03388947645196627 0.07209817231545801
0 0.4849666815326219 0.3697642527426373 0.02691080909970328 0.06718252795339541
0 0.45892234825041506 0.3989327043767059 0.0336235197887641 0.06853021325843928
0 0.4157847047338849 0.43466231560442076 0.03379819620853797 0.07641817680114604
0 0.4065768646369817 0.482945430723692 0.028721563439427722 0.058210420118532724
0 0.5124185457675272 0.4584888189414529 0.029186993086569912 0.0644544220733328
0 0.46789313063674154 0.48142443722489014 0.027733475653475947 0.07267448447952612
0 0.4539464200457073 0.5564070915306987 0.031571483192745275 0.06872234360003493
0 0.413475498146319 0.5871428067245419 0.034670329344153705 0.07148613536208914
0 0.5448596412884112 0.5588174947770868 0.029677210519416852 0.06548638561517961
0 0.5123633335415442 0.5567579050238725 0.027026827023284128 0.05765058336912754
0 0.5077464164120584 0.6345990192941927 0.03056630625766832 0.07187029773090692
0 0.4744730822331328 0.6250274592705996 0.029652418344481346 0.07069836514411887
0 0.4463983025513405 0.6822855739527365 0.03072402446403716 0.06844236660284342
