0 0.561076975958426 0.3131177580772303 0.031402088308896015 0.06695456959118168
0 0.5091950475811406 0.36737917625702987 0.024473211637940584 0.06335298479711393
0 0.5364186250345198 0.3913038553197886 0.03129544122146488 0.06334993086528629
0 0.5809517499085048 0.41840302536361984 0.03110731306133696 0.07140427803533678
0 0.5922595523247952 0.4646665500388901 0.026748204551338528 0.05377693021738955
0 0.4857956661843957 0.4611096149103484 0.026934839154413526 0.06008512234940516
0 0.5311434159879549 0.4751979848096908 0.025061268576005324 0.06881610721086978
0 0.5483528632599317 0.5471135804722489 0.029181796157632833 0.0639704778642195
0 0.590009549007201 0.5697645314923561 0.032231478852114304 0.06616567834090759
0 0.45794314370232414 0.5673736775896253 0.027389585913147163 0.061042401738772734
0 0.4902063958773622 0.558939067010202 0.025036043071911984 0.053552474788225
0 0.4982534451274925 0.6355335181300688 0.028004274438376164 0.06740666506126092
0 0.5309573517444761 0.6194670635448444 0.02712147199743209 0.06639325499206183
0 0.5614475848706129 0.6709599510280954 0.028325625303852964 0.06385820870375292
