0 0.5222189724445343 0.1990632265806198 0.05005854368209839 0.11241218447685242
0 0.6184426546096802 0.3208431005477905 0.04894614219665527 0.10772836208343506
0 0.5633782148361206 0.3477751612663269 0.050058603286743164 0.0960187315940857
0 0.6618266701698303 0.49882902204990387 0.051170945167541504 0.10304448008537292
0 0.5672716498374939 0.5105386525392532 0.04894614219665527 0.11709603667259216
0 0.7074356079101562 0.7119438052177429 0.051170945167541504 0.09836065769195557
0 0.6418032646179199 0.6814988255500793 0.04672133922576904 0.10304450988769531
0 0.6156615912914276 0.8313817381858826 0.05228334665298462 0.12177979946136475
0 0.5494731068611145 0.777517557144165 0.051170945167541504 0.1217799186706543
0 0.5222189724445343 0.6370023488998413 0.05673307180404663 0.10772836208343506
0 0.43044495582580566 0.6615924835205078 0.057845473289489746 0.11943793296813965
0 0.4760538935661316 0.8653395771980286 0.057845473289489746 0.1241217851638794
0 0.4699355959892273 0.3829039931297302 0.054508209228515625 0.11943793296813965
0 0.43934428691864014 0.46370023488998413 0.04672133922576904 0.10304450988769531
