0 0.502417904839447 0.13459481514847005 0.05400700489804977 0.12713924063037385
0 0.41224117538999727 0.2132606353405713 0.048097203400371435 0.12365772326250973
0 0.45739526074471537 0.2508172873981991 0.05447921937819461 0.13410677999728288
0 0.3616064877572065 0.3562348728534004 0.04892460315084085 0.12390627222713219
0 0.30730971320377265 0.5221032028386796 0.05377094291303108 0.12365549899135198
0 0.36717552978678625 0.5169792753503064 0.045379997199434086 0.10748382183859595
0 0.3752246139863016 0.6535858847956246 0.05199810066695937 0.12141657006704654
0 0.48787134816874556 0.7229674633707315 0.05719855115761113 0.12639145797601914
0 0.4344975124940637 0.6260671516416385 0.05258833438699029 0.13012602007791718
0 0.4701827655971889 0.5105947084718455 0.05329875593700628 0.11668793898265545
0 0.4435785204699575 0.3924089120404396 0.0471517609047693 0.12166734330282686
0 0.5325726846489836 0.3062785209619432 0.04951590741386136 0.12067101168384958
0 0.5433507184958783 0.5645636983818384 0.05235224089897794 0.12664224007356895
0 0.5516681285240121 0.3857735837062165 0.04419738067564649 0.11395422491093349
