0 0.5600237027380697 0.31161130548447746 0.031067545801590435 0.06626152153285236
0 0.5084499775830156 0.3671596779503825 0.02414928704767333 0.06282858825052956
0 0.5358059482519177 0.3904054053948257 0.030981139738962438 0.06265448128929757
0 0.58048807674785 0.4163947670445269 0.030747183819231805 0.070724885935325
0 0.5920547762530599 0.4623737404431364 0.026481654257860976 0.053182011180787525
0 0.4855783582977927 0.4614657126259274 0.026632866649969278 0.05949440601824901
0 0.5310020225456717 0.47442491600434267 0.024707267484768036 0.0682846589290731
0 0.5486139451624146 0.5459073452840473 0.028861008231364838 0.06332889589386348
0 0.5903948666154979 0.5675203599271414 0.03190256684474824 0.06545072481113368
0 0.45832426268183735 0.5684152835005769 0.02708283843927356 0.060441631745604685
0 0.49053791682644815 0.5591786014237563 0.02476835175024983 0.053000167475682036
0 0.49901434457619653 0.6355675059270747 0.027662390271027126 0.0667994444426615
0 0.5316257832844747 0.6186885499391259 0.026784077616070157 0.06580674132671782
0 0.5624029275470976 0.6694192914087299 0.028004266971066727 0.06323793479643314
