0 0.49149368938761673 0.13499840648191086 0.05093247816103902 0.1217669050638874
0 0.4038463669321145 0.2254519177220034 0.045034451024880406 0.11904374250026617
0 0.45003331416112313 0.2569537090306646 0.051195546348160814 0.12878317737125794
0 0.3575844897462973 0.37484928392556727 0.04586763741703348 0.11918221410020202
0 0.3083519254671009 0.547580419293406 0.050800989189283 0.11825879117006066
0 0.36794603499590456 0.5345376715636931 0.042776246957535125 0.1029803388383187
0 0.38006139852328713 0.6698076098590082 0.04906885873486283 0.11622783311987284
0 0.49455832440367536 0.7241321741570936 0.05419946049044044 0.12056662806366458
0 0.4383945391228885 0.6344929478667983 0.04939765822362657 0.12499820447075405
0 0.4705584329946698 0.5145228859899621 0.05053794959827185 0.11124249408935594
0 0.4404751348229624 0.40009482221349923 0.04413550696261337 0.11715125605001414
0 0.5267191703207936 0.30234815237254886 0.04656930289986172 0.11581250744985538
0 0.5451942059073824 0.5586941874717436 0.049266138428121 0.12149005593040152
0 0.5481523438558031 0.3791566335463656 0.041372911536601165 0.10971963329929191
