0 0.411383545899903 0.23656085572813867 0.035676101807359084 0.08118734642925443
0 0.3580154704957875 0.3287831468504342 0.031089731666391784 0.08267815152354657
0 0.3919871165922968 0.3412836730131904 0.03574881577776173 0.08336702412344038
0 0.44400894586107487 0.3412584449929944 0.03553067386655362 0.07682799104088267
0 0.4633186250136929 0.3898784456877237 0.030426660745538125 0.07824225961920761
0 0.33942324619355796 0.4498152444591841 0.0316074341046273 0.0827546968307516
0 0.3938560064047465 0.43629097306233966 0.03537654128033174 0.08764983420460726
0 0.47210419721632435 0.5128862866284993 0.03489525528548498 0.08866313653573299
0 0.4218803813951032 0.5044315596491539 0.03700230310725361 0.09005913902917029
0 0.31989604278323247 0.5896042295988914 0.034341195862048146 0.08749675238143495
0 0.357181535801329 0.5610918799440272 0.030353944791612464 0.07606252246683431
0 0.3727549118674781 0.6458587988917017 0.03415940994427974 0.08204752841687657
0 0.45117810776891454 0.6419299458602836 0.034013982003474275 0.07768817302850473
0 0.40903194111766583 0.602710116723409 0.035821527764641536 0.08554664235943876
