0 0.632027725955427 0.14072640513189727 0.048895622034206054 0.10763859056685086
0 0.6953380538782437 0.26587982081096184 0.04283819313090542 0.10010888960339834
0 0.6486010686566845 0.27957670945097873 0.04891438940989434 0.09984402403831627
0 0.5744498830501634 0.28241971833398066 0.0477091963116435 0.10357423454844206
0 0.5454331725796135 0.3393282171474582 0.04075007493966698 0.08422274420111703
0 0.708884468642236 0.4203204910037954 0.04037734106394486 0.0891831796082781
0 0.6354569201142524 0.4044419194833744 0.041651827350882464 0.09604455676356821
0 0.5903501101121441 0.48494829216408475 0.04335314729279727 0.0912697910804261
0 0.5237455089598324 0.4896885119805534 0.04664758949308967 0.09507173405048003
0 0.67359809868613 0.5491151892843886 0.03694180901954258 0.08090589296348472
0 0.7208932685313425 0.5905596251829865 0.04294345290843049 0.08842784363063605
0 0.6429665149650758 0.6487811662409579 0.040944070897229734 0.09037625997741439
0 0.5986386105128216 0.5987614624681961 0.04260892893100465 0.09283667172445709
0 0.541007727470616 0.6398725216529536 0.0423492590540403 0.10004057202722572
