0 0.5201317765463217 0.24036461686936123 0.036223621403923545 0.07452510489459821
0 0.46459547888114067 0.2881311412119681 0.030539775041949047 0.06429426592090026
0 0.49078054880133404 0.317720643760237 0.03376744177143115 0.07051100787681208
0 0.5353167477382013 0.35268718056115445 0.037314317949667664 0.07682133823907711
0 0.5460238601693697 0.4047954718067871 0.03203851416777315 0.06802781196104796
0 0.4326713048668266 0.37980132024533886 0.029715589598650838 0.06602938255119978
0 0.48056024358993216 0.40342183855961866 0.03535501695569809 0.07558832248298325
0 0.5384866726801102 0.5138848382381848 0.035169128435864616 0.07751052229471705
0 0.4956794485507261 0.4773701603516262 0.03655095187226959 0.07000882709810596
0 0.3995618220396105 0.48447989307245587 0.03203845318075105 0.06802776514541192
0 0.4350294177095819 0.47946171250042935 0.029634969943155842 0.06007587704139533
0 0.4388838058203579 0.5614103672816779 0.03176372665106325 0.068606166873317
0 0.4741128795140323 0.5501580711865981 0.033811863703475664 0.0711829511954345
0 0.5031488529116532 0.6079793215285543 0.03462788787661347 0.074057529771136
