0 0.5752925315346588 0.2899636018175778 0.042776353077189855 0.08409009026238035
0 0.5170394651780179 0.3205034552899134 0.0448062154371765 0.0943287735668426
0 0.4871766943029944 0.32207477689436215 0.03839653489324407 0.08605446914468845
0 0.4441651947701648 0.411874580043445 0.046706631052787995 0.09758397707643424
0 0.5689029344035426 0.4065171819076997 0.04446068619998045 0.0898732090417515
0 0.6010455222324937 0.45676697327432203 0.04235298195199466 0.08394459659015352
0 0.4953591749541101 0.4976609140699585 0.0447283758297809 0.09863887383273484
0 0.54155715836372 0.48818882416626025 0.04078935597798117 0.0903462432072607
0 0.4286398929031833 0.575938522979341 0.04819236543516103 0.09549249874842547
0 0.48275852657280893 0.6181787121120678 0.04544543831217579 0.09194632993183505
0 0.589891516263081 0.5987442547447286 0.04219737068567464 0.09256493498992768
0 0.5452864404006792 0.6707945098409593 0.03600377263456289 0.08176271529799406
0 0.5038865126391524 0.722531148359029 0.04503087016984203 0.08659962969993407
0 0.5741414714243498 0.771119184833235 0.04045256633638317 0.08068939308056178
