0 0.5637867152690887 0.259799100458622 0.028776347637176514 0.07089070975780487
0 0.5199528932571411 0.22342097014188766 0.028023242950439453 0.06008876860141754
0 0.4999733865261078 0.30372142791748047 0.031655848026275635 0.07210654020309448
0 0.4571601152420044 0.25346535444259644 0.03113687038421631 0.07647663354873657
0 0.40786004066467285 0.28569480776786804 0.034250617027282715 0.07756912708282471
0 0.5370782017707825 0.1141686663031578 0.030099034309387207 0.062273815274238586
0 0.4711717367172241 0.097234558314085 0.034250617027282715 0.07210651785135269
0 0.43977534770965576 0.15623081102967262 0.033731698989868164 0.07429157942533493
0 0.3795773386955261 0.15404576435685158 0.03684532642364502 0.07866167277097702
0 0.386583149433136 0.03823830932378769 0.035288453102111816 0.06555138528347015
