0 0.49826041131672405 0.3478192096841957 0.04233183162861637 0.10740657817593946
0 0.5778607503490579 0.4504414246156164 0.04103549187041433 0.09096228446394078
0 0.5341301143544479 0.47018902659512285 0.040002340497972466 0.09793073200807334
0 0.45551302802396276 0.5045585260187189 0.04678019227845681 0.10762812757414408
0 0.4328956523570876 0.5712772485666034 0.03989714903560743 0.08856568137262433
0 0.6146022514934435 0.600878690041359 0.042095016011964526 0.08633514053135216
0 0.6549168982461177 0.7722211759554019 0.04108811756300357 0.09564482616273817
0 0.5351396797351684 0.6095219969025463 0.04108811756300357 0.09564482616273795
0 0.5979234755181009 0.7504630828325269 0.041009179693811015 0.08862107320251023
0 0.500670727283783 0.7107983912026081 0.045457659854433174 0.08884265833102167
0 0.5820673484796889 0.8742381014822633 0.04452969927466466 0.10517609692263508
0 0.5270743877973885 0.8324684493055515 0.04225289308973246 0.10038276562774384
0 0.4275878094666906 0.7425496740964731 0.05006389657750432 0.10311174344366592
0 0.4712387269578795 0.9137259756163745 0.04445076140547222 0.09815234396240757
