0 0.41416422606103614 0.24127065670718445 0.03821347978192349 0.083429039679833
0 0.4695973603125918 0.22438620820055155 0.043402964690579825 0.09534747391980922
0 0.5356453500591264 0.30880845073371593 0.04529005011190932 0.09534747391980922
0 0.39411394345940964 0.29490361078707716 0.04434650740124461 0.0874018510931585
0 0.3469368079261706 0.3813122590269039 0.03962879384792052 0.08144263397316984
0 0.4672385035359295 0.38578167186689477 0.04340296469057907 0.08839505394648892
0 0.5151232961021674 0.44587044449344154 0.04010056520325307 0.08541544538649574
0 0.3898680012614181 0.45580247302675503 0.0358546230052616 0.07945622826650756
0 0.4353939370509937 0.4622582915734088 0.04010056520325307 0.0784630254131762
0 0.384914402030428 0.5526397512265612 0.03538285164992921 0.07250380829318821
0 0.5368247784474574 0.5710140040131911 0.04481827875657693 0.08342903967983303
0 0.4372810224723232 0.6400416023197195 0.036326394360594 0.08442224253316452
0 0.49318592807921136 0.610742118146445 0.034911080294596886 0.07349701114651942
0 0.5080467257721816 0.7473075104795049 0.042931193335247426 0.08640864823982711
