0 0.4778786617798947 0.13753899534959024 0.04680321710534429 0.11436876360328466
0 0.3938836025104824 0.24223040203259694 0.04095281496717618 0.11260924416323416
0 0.4411047054828386 0.2659839144732791 0.046803217105344214 0.12140684136348683
0 0.3533486734103182 0.39882763219709433 0.04178858670120007 0.11260924416323412
0 0.31072431497509406 0.579178374802274 0.04680321710534411 0.1108497247231837
0 0.36964622222378635 0.556304622081617 0.03928127149912818 0.0967735692027793
0 0.3867795427712784 0.6891483398054323 0.04513167363729622 0.10909020528313305
0 0.5029518138006148 0.724338728606443 0.050146304041440215 0.1126092441632342
0 0.4436120206849106 0.6442805940841437 0.04513167363729622 0.11788780248338583
0 0.47119248790770274 0.5193547138405559 0.046803217105344075 0.10381164696298142
0 0.4369258468127185 0.4102645085574228 0.04011704323315215 0.11084972472318355
0 0.5192493626140827 0.298535024114214 0.042624358435224184 0.1090902052831331
0 0.547247715703887 0.5510260637614653 0.04513167363729622 0.11436876360328461
0 0.5434867429007789 0.3715550808763111 0.03760972803108018 0.10381164696298142
