0 0.24562193634607968 0.18828045458412138 0.06707019664062677 0.03344446291944774
0 0.4595214823891602 0.24487877644780207 0.05981936457136969 0.03515956358198331
0 0.8293139179212659 0.2838973165204913 0.06344478060599855 0.032586912588179896
0 0.5274980330384446 0.3156266787774033 0.07975915276182675 0.03430201325071561
0 0.7939661115836381 0.523582634109867 0.08700998483108364 0.04201996623212665
0 0.46405325243244605 0.3615056215002355 0.07613373672719831 0.03687466424451927
0 0.2809697426837075 0.33192013507149326 0.07250832069256968 0.03258691258817979
0 0.12688956121199688 0.2980468969864112 0.06888290465794104 0.036874664244518685
0 0.10423071099556892 0.3820868294506649 0.08519727681376939 0.040304865569590904
0 0.18398986375739557 0.43439739965800633 0.08157186077914089 0.040304865569590904
