0 0.30725400893476407 0.4065270138917999 0.0815718607791409 0.03944731523832303
0 0.25015370638936546 0.49442592284675885 0.09063540086571212 0.04201996623212672
0 0.30725400893476407 0.5553119963667791 0.09244810888302635 0.03858976490705501
0 0.4631468984237889 0.4434016781363192 0.08519727681376935 0.03773221457578728
0 0.5302170950644158 0.3602192960033338 0.07794644474451239 0.036017113913251464
0 0.6271969739907277 0.3447833900405117 0.07613373672719824 0.029156711263108263
0 0.7024243567092688 0.44040025197688165 0.08882269284839779 0.0334444629194477
0 0.5429060511856156 0.4884230705278836 0.07794644474451239 0.03858976490705523
0 0.6199461419214708 0.48542164436844587 0.08338456879645513 0.036017113913251464
0 0.6244779119647562 0.3855170307757367 0.07794644474451184 0.03344446291944777
