0 0.5000292740046839 0.34777517564402805 0.04115925058548015 0.10538641686182668
0 0.4216042154566745 0.45433255269320844 0.04004683840749408 0.0889929742388759
0 0.46554449648711954 0.4718969555035129 0.03893442622950822 0.09601873536299763
0 0.5445257611241218 0.5023419203747072 0.04560889929742387 0.10538641686182665
0 0.5678864168618267 0.5679156908665105 0.03893442622950815 0.08665105386416862
0 0.38656323185011715 0.6065573770491803 0.04115925058548008 0.0843091334894615
0 0.3481850117096019 0.7798594847775174 0.04004683840749422 0.09367681498829043
0 0.4661007025761124 0.6112412177985947 0.04004683840749408 0.0936768149882903
0 0.4049180327868852 0.7552693208430914 0.04004683840749415 0.08665105386416855
0 0.5016978922716627 0.7107728337236534 0.04449648711943795 0.08665105386416869
0 0.4221604215456675 0.8782201405152225 0.043384074941452085 0.10304449648711951
0 0.476668618266979 0.8337236533957845 0.04115925058548008 0.09836065573770497
0 0.5751170960187353 0.7388758782201404 0.04894613583138181 0.10070257611241218
0 0.5334016393442623 0.9121779859484778 0.043384074941452015 0.09601873536299778
