0 0.3999425156692052 0.24082142592135486 0.03351152308897488 0.07122894583689036
0 0.44473195518235475 0.29848295350359955 0.03157816598768804 0.08208288044060709
0 0.4705100498661817 0.31544222632190677 0.03093371362059261 0.07122894583689048
0 0.39736470620082265 0.3473256592203244 0.034155975456070846 0.0752991713132841
0 0.3659476533049084 0.37174701207868677 0.028033677968661904 0.065801978535032
0 0.4956436921829132 0.4131276377553565 0.03995604675993185 0.07801265496421336
0 0.4131537891946667 0.4344963215064238 0.03415597545607083 0.07597754222601623
0 0.44988757411912017 0.46027441619025067 0.03608933255735778 0.06919383309869354
0 0.3659476533049086 0.5016550418669203 0.030611487437044574 0.06783709127322894
0 0.3685254627732912 0.6495399008425595 0.03318929690542731 0.06919383309869354
0 0.39720359310904874 0.580685253200232 0.027389225601566095 0.05901826940770917
0 0.42684840199544977 0.6407210789770396 0.031900392171235976 0.0719073167496228
0 0.45343206213814646 0.5661002785764877 0.03673378492445352 0.07733428405148089
0 0.497738162375974 0.5559247148855035 0.03705601110800125 0.07326405857508732
