0 0.43621327522154263 0.2597990852666192 0.02877634411804246 0.07089070317371453
0 0.4800470958332042 0.2234209818568862 0.02802321850674389 0.06008877262654643
0 0.5000266127315308 0.3037214325487255 0.03165585794280339 0.07210652715185567
0 0.5428398632279452 0.25346536817015936 0.03113690945193774 0.0764766197065136
0 0.5921399698601798 0.2856948007607616 0.03425060039713145 0.07756914284517812
0 0.4629217956346385 0.11416866799043816 0.03009901247020643 0.06227381890387536
0 0.5288282539745732 0.09723455934113874 0.034250600397131306 0.0721065271518557
0 0.5602246376719436 0.15623080882902066 0.033731651906265724 0.07429157342918465
0 0.6204226626123566 0.1540457625516917 0.03684534285145958 0.07866166598384257
0 0.6134168579856706 0.038238309853256804 0.03528849737886255 0.06555138831986881
