0 0.40961806572783316 0.3182438778403638 0.0377417084265911 0.07223293478773421
0 0.4694472512449861 0.3286273622161006 0.0390283575774977 0.08216496332104771
0 0.4990401817158359 0.3200497012100571 0.03302399487326722 0.07584458152712095
0 0.5483617325005856 0.39408845936748477 0.040743889778706334 0.08487369837558767
0 0.4248434140135602 0.4311078384461986 0.03902835757749763 0.07765040489681425
0 0.39696601574391904 0.491602921330926 0.037312825376289 0.07223293478773421
0 0.5044012198446132 0.4961174797551594 0.038599474527195456 0.08667952174528104
0 0.4580818504119786 0.5024378615490861 0.03516841012477819 0.0794562282665077
0 0.576239130770227 0.5507436366883833 0.042459421979915105 0.08216496332104775
0 0.5260598138848728 0.6107872637306875 0.03988612367810198 0.07945622826650756
0 0.4188390513093298 0.6279425857427744 0.03645505927568465 0.08126205163620107
0 0.46837504361923066 0.6839231102032685 0.030879579621756435 0.07223293478773428
0 0.5131933223758076 0.7209424892819822 0.03988612367810191 0.07403875815742765
0 0.44757421567957534 0.7927239682272932 0.03559729317508029 0.06952419973319422
