0 0.38291810154033884 0.5325093489654688 0.04509662385622299 0.09373848529741245
0 0.45398809736438656 0.5559439702898219 0.04452578051627085 0.11176511708537631
0 0.49252002281115936 0.5499350930271668 0.041671563816510215 0.09253670984488153
0 0.5498897784763546 0.646678016955907 0.044525780516271 0.10335268891765964
0 0.4017559317587612 0.6671081996489328 0.04395493717631872 0.10094913801259786
0 0.36636364468172533 0.7302014109068066 0.04281325049641431 0.09013315893981969
0 0.4950888178409443 0.7572413585887524 0.04452578051627085 0.11056334163284533
0 0.44200038722539065 0.7596449094938142 0.0456674671961752 0.10335268891765992
0 0.3918699630077708 0.8938613770787456 0.04089314108021133 0.1017139042096626
0 0.5821424271836534 0.8287469980143427 0.046238310536127473 0.10455446437019077
0 0.521633033148721 0.8864322197358271 0.04852168389593605 0.10455446437019054
0 0.44913592897479293 0.9627449609715413 0.03482144373708358 0.07451007805691745
