0 0.42036801938365687 0.2241379074872188 0.03321270341540021 0.07647661970651363
0 0.3640621081247362 0.3082621891643838 0.02854216699760954 0.07866166598384254
0 0.3975342857855694 0.3257425593830155 0.03321270341540021 0.07866166598384254
0 0.4494291348721321 0.33339022135366675 0.03321270341540029 0.07210652715185567
0 0.4670733835615634 0.38473880887089734 0.02802321850674389 0.07429157342918465
0 0.34148784877208144 0.42625468814014766 0.029061115488475196 0.07866166598384261
0 0.39623691455840526 0.4207920724468252 0.03269375492453456 0.08303175853850049
0 0.471743919979354 0.508740185109316 0.032174806433669045 0.08412428167716492
0 0.4219248648562538 0.4928985995986808 0.03425060039713141 0.08521680481582938
0 0.3173567439468297 0.5628200804732075 0.03165585794280336 0.08303175853850035
0 0.35549945802545335 0.5398770945612535 0.02802321850674389 0.07210652715185567
0 0.36821369605166127 0.6267326840850796 0.031655857942803324 0.07756914284517819
0 0.44657491817237116 0.6343803460557311 0.031655857942803255 0.07319905029052003
0 0.4058374616394193 0.5890406358011551 0.03321270341540029 0.08084671226117152
