0 0.49919081660178566 0.26738729258008875 0.03861007763947627 0.08231412831687221
0 0.4471375362193795 0.35376470868076515 0.031209516046762253 0.0708532176157578
0 0.47966634112123013 0.36693475413079 0.035811547072007066 0.07333314135519559
0 0.5342038050539203 0.3774740908665148 0.03706605227943305 0.08421258912218521
0 0.5541827354687803 0.42393053203727454 0.034450521394072564 0.06943811818625922
0 0.4268577324930354 0.47293093698119226 0.03215787573381851 0.07696895372339901
0 0.48222706294959494 0.46504246441526853 0.03238748297610744 0.08054170793466997
0 0.563120784729501 0.545082602351624 0.03906929592003083 0.08945969580589475
0 0.5108460561997493 0.5338987866762874 0.03750861565899477 0.07381652796742016
0 0.407328325310677 0.6082551813321675 0.03524586738742458 0.07317201528849959
0 0.44492998963246755 0.5793539715071713 0.030001563129012532 0.06934005027649559
0 0.46154806314209695 0.6631494937842066 0.03570508187200233 0.0803175237110415
0 0.4985607311305833 0.6295651986057589 0.03555198337455395 0.07793571853571135
0 0.539455154615069 0.6743086534167506 0.039022625497393326 0.08009338172962066
