0 0.516680014732382 0.2392823298631303 0.035469042444080556 0.07287307185137412
0 0.4617989700502614 0.2902951850886948 0.029883426036774963 0.06291247863938632
0 0.48836631565455946 0.31833373746892657 0.03304969949676012 0.06897882439778663
0 0.5333489568828302 0.35066837089980474 0.036536297748937074 0.07511995631528745
0 0.5447430796089378 0.40212687361840604 0.03134198090874851 0.06658257199247147
0 0.4311031969209741 0.38380642517262087 0.02902910441138057 0.06471104009178646
0 0.4792867721618722 0.40460235848553616 0.03457923148233072 0.07399738491246793
0 0.5386558378277513 0.5116168057993777 0.03436543783902446 0.07594543180023078
0 0.49538096195768844 0.4776329892228032 0.035861112332435 0.06830275239535744
0 0.39939512592705906 0.4903906699010363 0.03134192010760112 0.06658252855105218
0 0.43478232668989747 0.48328931915867535 0.02902996671389607 0.05871759171923524
0 0.43972221241718235 0.5649794174292637 0.031057147791583806 0.0671820786562023
0 0.47478829234336073 0.5516604049718159 0.03308519117178704 0.06965311722061795
0 0.5045799071730085 0.6077520917110599 0.033867729504873934 0.07249949155754232
