0 0.6144148679457357 0.5615895714901431 0.050071398196488315 0.10436309123560872
0 0.5425254684399508 0.5670658910155009 0.05052283769552457 0.122118957754356
0 0.5046063764255573 0.5514533735979823 0.04660275735407693 0.10231239079593835
0 0.4421791946936833 0.6331475923577345 0.05004760616467935 0.11376615288555281
0 0.5881080099900329 0.690517435073883 0.049345122309594425 0.1112368183570468
0 0.6196853974715899 0.762023305534697 0.047600623567496614 0.10021177328666131
0 0.49034629003926555 0.7566456233832994 0.050454957855204874 0.12092573586576238
0 0.5429222372505158 0.7723225703037906 0.0511811728770154 0.11405196423170538
0 0.5851158561923306 0.9181366003362306 0.046348270627123545 0.11122961900913553
0 0.39987141064679477 0.8058503762913312 0.051815895255225675 0.115388106715133
0 0.45669317567754836 0.8782745914185681 0.05408308786162053 0.11595974432919576
0 0.524365381416857 0.9654228763101023 0.03878302091149277 0.06915424737979559
