0 0.3987035745542675 0.24296328415143897 0.033851705708066115 0.07193822824438709
0 0.44376749526785264 0.2996690240674569 0.03197056679795951 0.08275047529190999
0 0.46962566823077984 0.31607903128927534 0.03127405557827867 0.07188337325162941
0 0.3966371127205903 0.34951692601860224 0.03451565541586299 0.076021997524924
0 0.36533889684169607 0.3746054137566943 0.028348090451625174 0.06639501067189474
0 0.4952269420806791 0.413224743000122 0.04032845211025754 0.07885869230386239
0 0.41284381540173437 0.43634723629681604 0.03451891153128883 0.07670032335069821
0 0.44969945053126625 0.46134255532910856 0.03641958734852585 0.06995807595902148
0 0.36596245253011417 0.5045068060460993 0.030935568743867103 0.06848488911121375
0 0.3692499764238326 0.6523292601993507 0.03351973103298078 0.0698963808551194
0 0.39759613060752375 0.5828680434875819 0.027671116210599866 0.059597923187860724
0 0.42752760473609297 0.6422701348571035 0.032243930465552795 0.0725822641120375
0 0.45375171103637485 0.5670876174329111 0.037103133422004 0.07811181636264153
0 0.49800670563587834 0.5559699770098012 0.03740580241453023 0.07404859721633827
