0 0.44455957412719727 0.30548572540283203 0.02959299087524414 0.06320381164550781
0 0.4947388768196106 0.3664322793483734 0.02273082733154297 0.060495078563690186
0 0.4668614864349365 0.3867477774620056 0.02959299087524414 0.05959218740463257
0 0.42161428928375244 0.4079662263393402 0.02916407585144043 0.06771838665008545
0 0.4089622497558594 0.45266035199165344 0.025304079055786133 0.050563037395477295
0 0.5153252482414246 0.46304383873939514 0.025304079055786133 0.05688345432281494
0 0.46964919567108154 0.471170037984848 0.02315974235534668 0.06591254472732544
0 0.45034945011138916 0.5406942367553711 0.027448534965515137 0.06049513816833496
0 0.40810447931289673 0.5578495264053345 0.03045070171356201 0.062300920486450195
0 0.5399860143661499 0.5727475881576538 0.025732994079589844 0.05778634548187256
0 0.5080342590808868 0.5601068139076233 0.023588597774505615 0.05056309700012207
0 0.4977410137653351 0.6354999542236328 0.02616184949874878 0.06410670280456543
0 0.46557480096817017 0.6151844263076782 0.025304079055786133 0.06320381164550781
0 0.4336230158805847 0.6625872850418091 0.026590704917907715 0.06049513816833496
