0 0.5163287407706891 0.5010824833163497 0.04826026310228054 0.10578405066286928
0 0.4420152025809452 0.5755164663478283 0.039673722527630906 0.10360476550152908
0 0.48827049967950215 0.612752842579289 0.04624269691211291 0.10906702602819507
0 0.5612497709619473 0.6607718664531361 0.04856395257591617 0.11479056632806717
0 0.5876035026790947 0.7271679748870039 0.04129652684076501 0.08861346393344172
0 0.41513803715969 0.7095403248274657 0.041906518070691734 0.09408126177522091
0 0.48935124209968295 0.7400926548853124 0.043951809293533206 0.1042441105400791
0 0.38538365506877326 0.858761225501782 0.041387630976434886 0.09131533836870898
0 0.4360291915925801 0.8486789819093381 0.03176331922040587 0.08360429557689175
0 0.5255417869383889 0.8335430264342554 0.04138763097643483 0.09131533836870898
0 0.5957706995957366 0.880245855663962 0.04517452495086072 0.10263454996074284
0 0.4582659259822108 0.9542879568445645 0.040380169387625786 0.08668422639215789
0 0.5078558048344459 0.9372589858322625 0.042395033110212865 0.09594644145991471
0 0.5616762624557987 0.9793566256445791 0.041853747762055415 0.041286748710841814
