0 0.4999707341194153 0.3477751612663269 0.04115927219390869 0.10538643598556519
0 0.5783957839012146 0.454332560300827 0.0400468111038208 0.08899295330047607
0 0.5344555079936981 0.4718969613313675 0.038934409618377686 0.09601876139640808
0 0.45547425746917725 0.5023419111967087 0.04560887813568115 0.1053864061832428
0 0.4321135878562927 0.567915678024292 0.03893446922302246 0.08665108680725098
0 0.613436758518219 0.6065573692321777 0.04115927219390869 0.08430910110473633
0 0.6518149971961975 0.7798594832420349 0.0400468111038208 0.09367680549621582
0 0.5338993072509766 0.6112412214279175 0.0400468111038208 0.09367680549621582
0 0.5950819849967957 0.7552693486213684 0.0400468111038208 0.08665108680725098
0 0.4983021020889282 0.7107728123664856 0.04449653625488281 0.08665108680725098
0 0.5778396129608154 0.8782201409339905 0.04338407516479492 0.10304450988769531
0 0.523331344127655 0.8337236642837524 0.04115927219390869 0.09836065769195557
0 0.4248828887939453 0.7388758659362793 0.04894614219665527 0.10070252418518066
0 0.4665983319282532 0.9121779799461365 0.04338407516479492 0.09601879119873047
