0 0.5140122771263123 0.26925912499427795 0.034250617027282715 0.07330828905105591
0 0.45692795515060425 0.34016385674476624 0.027400493621826172 0.06369411945343018
0 0.4883243143558502 0.3623967170715332 0.031967222690582275 0.0648958683013916
0 0.541698157787323 0.3882348835468292 0.03253805637359619 0.07571184635162354
0 0.5585380792617798 0.43991121649742126 0.030825495719909668 0.06129056215286255
0 0.4292420446872711 0.4525298774242401 0.027971327304840088 0.06970298290252686
0 0.484613835811615 0.4603414237499237 0.027971327304840088 0.07330828905105591
0 0.5596797466278076 0.562492311000824 0.034250617027282715 0.08051896095275879
0 0.5085892528295517 0.5366541743278503 0.03367975354194641 0.0648958683013916
0 0.40127071738243103 0.5811198353767395 0.03139638900756836 0.0648958683013916
0 0.4403734803199768 0.5630931854248047 0.026258766651153564 0.06249237060546875
0 0.4515049159526825 0.6508228182792664 0.03139638900756836 0.07210648059844971
0 0.4903222471475601 0.6279891133308411 0.03139635920524597 0.06970298290252686
0 0.5279979109764099 0.6838716268539429 0.034821391105651855 0.07090473175048828
