0 0.47440423401890347 0.2737083921523969 0.03776159093205289 0.08056511053831417
0 0.5347483904898795 0.33142209926266564 0.03046440356180835 0.06947091718237136
0 0.5046540829689635 0.3605623547175796 0.03506594661407009 0.0716889132087219
0 0.45288931275095273 0.3982109956334393 0.03618024457207747 0.08257136067944704
0 0.43875704456799824 0.4533665094636334 0.033748468183779246 0.06784830018060306
0 0.5679567648251114 0.43694771783651987 0.0313357206509286 0.0755735446798998
0 0.5132942159455418 0.4571196873701131 0.03151801406241461 0.0791583933797419
0 0.44381785513551286 0.5755073571442619 0.03812606223538345 0.0877348404981092
0 0.49331222718919915 0.5383702811945865 0.036768724142277276 0.07207255970113702
0 0.6022689624484548 0.5585412203316044 0.03449835410466773 0.07156103104458356
0 0.562477076507231 0.549376993515729 0.029268474832172764 0.06802022749390124
0 0.5558432054545951 0.6391022495312024 0.03486282239521632 0.07873070173816699
0 0.5160921675450731 0.6250943142497476 0.03474133497355475 0.07634085101778032
0 0.4814550528054558 0.6890998985396571 0.03820763374080005 0.07830306936280373
