0 0.5796319842338562 0.22413790225982666 0.03321278095245361 0.07647663354873657
0 0.6359378695487976 0.3082621991634369 0.028542160987854004 0.07866168022155762
0 0.6024657189846039 0.32574257254600525 0.03321272134780884 0.07866168022155762
0 0.5505708754062653 0.3333902359008789 0.03321272134780884 0.07210654020309448
0 0.532926619052887 0.3847388029098511 0.028023242950439453 0.07429158687591553
0 0.658512145280838 0.4262546896934509 0.02906113862991333 0.07866168022155762
0 0.6037630438804626 0.4207920730113983 0.03269374370574951 0.08303177356719971
0 0.5282560586929321 0.5087402015924454 0.03217482566833496 0.08412429690361023
0 0.578075110912323 0.4928986132144928 0.034250617027282715 0.08521682024002075
0 0.6826432645320892 0.5628200769424438 0.031655848026275635 0.08303177356719971
0 0.6445005536079407 0.5398771166801453 0.028023242950439453 0.07210648059844971
0 0.6317863166332245 0.6267327070236206 0.031655848026275635 0.07756912708282471
0 0.5534250736236572 0.6343803405761719 0.03165578842163086 0.07319903373718262
0 0.5941625237464905 0.5890406370162964 0.03321278095245361 0.08084666728973389
