0 0.4777810275554657 0.1990632265806198 0.05005854368209839 0.11241218447685242
0 0.3815573751926422 0.3208431005477905 0.04894614219665527 0.10772836208343506
0 0.4366217851638794 0.3477751612663269 0.05005854368209839 0.0960187315940857
0 0.3381733000278473 0.49882902204990387 0.051170945167541504 0.10304448008537292
0 0.4327283501625061 0.5105386525392532 0.04894614219665527 0.11709603667259216
0 0.29256439208984375 0.7119438052177429 0.051170945167541504 0.09836065769195557
0 0.3581967353820801 0.6814988255500793 0.04672133922576904 0.10304450988769531
0 0.3843384087085724 0.8313817381858826 0.05228334665298462 0.12177979946136475
0 0.4505269229412079 0.777517557144165 0.051170945167541504 0.1217799186706543
0 0.4777810424566269 0.6370023488998413 0.05673304200172424 0.10772836208343506
0 0.5695550441741943 0.6615924835205078 0.057845473289489746 0.11943793296813965
0 0.5239461213350296 0.8653395771980286 0.05784544348716736 0.1241217851638794
0 0.5300644040107727 0.3829039931297302 0.054508209228515625 0.11943793296813965
0 0.5606557130813599 0.46370023488998413 0.04672133922576904 0.10304450988769531
