0 0.6000574827194214 0.24082141369581223 0.03351151943206787 0.07122893631458282
0 0.5552680492401123 0.2984829545021057 0.0315781831741333 0.08208286762237549
0 0.5294899344444275 0.3154422342777252 0.030933737754821777 0.07122892141342163
0 0.6026353240013123 0.3473256528377533 0.034155964851379395 0.0752992033958435
0 0.6340523362159729 0.3717470169067383 0.02803361415863037 0.06580197811126709
0 0.5043562948703766 0.4131276309490204 0.03995603322982788 0.07801264524459839
0 0.5868461728096008 0.43449631333351135 0.034155964851379395 0.07597756385803223
0 0.5501124262809753 0.46027442812919617 0.036089301109313965 0.06919384002685547
0 0.6340523362159729 0.5016550421714783 0.030611515045166016 0.06783711910247803
0 0.631474494934082 0.6495398879051208 0.03318929672241211 0.06919384002685547
0 0.6027964055538177 0.5806852579116821 0.027389228343963623 0.05901825428009033
0 0.5731515884399414 0.6407210826873779 0.03190040588378906 0.07190728187561035
0 0.5465679466724396 0.5661002993583679 0.036733806133270264 0.07733428478240967
0 0.5022618472576141 0.5559247136116028 0.037056028842926025 0.07326400279998779
