0 0.4141642153263092 0.24127066135406494 0.038213491439819336 0.08342903852462769
0 0.46959736943244934 0.22438621520996094 0.04340296983718872 0.09534746408462524
0 0.5356453657150269 0.30880844593048096 0.04528999328613281 0.09534746408462524
0 0.3941139578819275 0.29490360617637634 0.044346511363983154 0.0874018669128418
0 0.34693682193756104 0.3813122510910034 0.039628803730010986 0.08144265413284302
0 0.46723851561546326 0.3857816755771637 0.04340296983718872 0.08839505910873413
0 0.5151233077049255 0.44587045907974243 0.0401005744934082 0.08541542291641235
0 0.38986799120903015 0.45580247044563293 0.03585463762283325 0.07945621013641357
0 0.43539392948150635 0.4622582942247391 0.0401005744934082 0.07846304774284363
0 0.3849143981933594 0.5526397228240967 0.035382866859436035 0.07250380516052246
0 0.5368247628211975 0.5710139870643616 0.04481828212738037 0.08342897891998291
0 0.4372810125350952 0.6400415897369385 0.03632640838623047 0.08442223072052002
0 0.4931859225034714 0.6107420921325684 0.03491106629371643 0.07349705696105957
0 0.5080467462539673 0.747307538986206 0.042931199073791504 0.08640861511230469
