0 0.5896307755348773 0.24703841667656057 0.03943206706684821 0.08589998649440914
0 0.5344749992097771 0.22651880520578782 0.044795758984740086 0.0981536854621029
0 0.4672072669690131 0.3065588199003672 0.046681862591263945 0.0982777117719279
0 0.6088758848632398 0.3019630369622541 0.04562095251678844 0.09027397262185372
0 0.6547486351464594 0.3914303209973739 0.04081717297796428 0.08400758913218886
0 0.5344393044390886 0.3879906300418815 0.04469265895126129 0.09120466948332406
0 0.4856867731730933 0.44490285192038936 0.04134768714884146 0.08800943283699975
0 0.6107337472874301 0.46306253995572677 0.037015448405545825 0.08177405690418321
0 0.565134264913856 0.4665229836461603 0.041244587557313306 0.08106044664601586
0 0.6142488867450413 0.5601781677035103 0.03644080757653845 0.07479403336855595
0 0.462140092440558 0.5685590302257405 0.04603363732034571 0.0863340327146973
0 0.5606116811286783 0.6440955872538642 0.03756063233467399 0.0867686643246135
0 0.5051685016298435 0.6111359705260723 0.035983936539261074 0.07575578952732731
0 0.4882897523767156 0.7466581076238883 0.04419166037195199 0.0891881862356888
