0 0.603146491417114 0.35138454545622266 0.042790675048327564 0.08412451932635556
0 0.5433067186587874 0.3412753665845044 0.04482283146090904 0.09436375474188763
0 0.5147612816452416 0.3227418524562017 0.038412122600687326 0.08608354255942013
0 0.46040445187441315 0.37902625876316354 0.04672375916709354 0.09762057102849409
0 0.5794571910909561 0.4575845928107662 0.04447621082263287 0.08990856582854134
0 0.6023241395285538 0.5267693546268113 0.04236733962027639 0.08397856601223869
0 0.49595469796256597 0.4946710404806644 0.04474611895894243 0.09867301975166509
0 0.5411799648812318 0.516667976873935 0.040805638362139796 0.09037731384290137
0 0.42086772034140674 0.5241371610796659 0.04820869596559291 0.09553115615950936
0 0.4657780610741511 0.6004643618690566 0.04546132811207276 0.09198245554254725
0 0.570272385814482 0.6538746731908673 0.04221398258867337 0.09259723395372921
0 0.5170901447495834 0.6922653106641676 0.03601866566033102 0.08178979155568245
0 0.47001922927521567 0.7135491783355603 0.04504545027096263 0.08663620612534706
0 0.5292653137164479 0.8067130937042952 0.040466411914091616 0.08072174972563217
