0 0.5162261744311758 0.4960036475794223 0.048531373292879376 0.10632482212875982
0 0.44793578797598527 0.5926850210347995 0.039946111477172974 0.10403427659491782
0 0.4962929246780028 0.6151610759149542 0.04652539900164143 0.10957822384319627
0 0.5718370739041753 0.6400092191038884 0.04886158542114316 0.11532720004070829
0 0.6025516229331204 0.6975022042489677 0.041522844838152384 0.08907792808075476
0 0.43073577677573066 0.7335852832285943 0.042148553009050405 0.09454882660779851
0 0.5062774641353943 0.7407746128278301 0.044222232814037366 0.10472945869440664
0 0.41175398572287203 0.8904094295667027 0.04162190553384637 0.09177856122692207
0 0.46114043033840657 0.8647213704623498 0.03198335203749353 0.08394757407290176
0 0.54861556473445 0.8219738668927083 0.04162190553384637 0.09177856122692207
0 0.6213472445736208 0.8463736625669153 0.045439054105477106 0.10313747720204836
0 0.4905284107224257 0.959353644010347 0.04060157574730172 0.0812927119793061
0 0.5383843584783026 0.9300451383238932 0.042642175892674605 0.09641876208451972
0 0.595032001611993 0.9615877807525126 0.04197849404300291 0.05514714908106755
