0 0.5067319311550721 0.13483428260950348 0.05516292933351824 0.1291232913844874
0 0.4156541691516543 0.20875635079390348 0.04925492749085414 0.12534591380518914
0 0.4603508239775184 0.24866455632592288 0.0557172716935348 0.1360639670180811
0 0.363346862884216 0.3490364134682129 0.050079137324214706 0.1256376880988928
0 0.3071082636572939 0.5120118363752202 0.0548858034118076 0.12565298386725915
0 0.3670160835364713 0.5100225977096338 0.04635931479035199 0.10914600805073937
0 0.3734496035498476 0.6470082426329751 0.05309880961013619 0.12333432040437764
0 0.48524225443567803 0.7222637985919841 0.05832118279599746 0.1285551267348395
0 0.43302913069176213 0.6226000885784448 0.05379170375691289 0.13201018867972547
0 0.4700668760317656 0.5090309354573862 0.05433148809438615 0.11871228924698074
0 0.4448664129566503 0.3894893177904709 0.048292143522543185 0.12331902463601119
0 0.5348501182162687 0.3080430954775492 0.050626187151662005 0.12245908569265959
0 0.5425749409697984 0.5668125255217128 0.053514546098202165 0.12853984136958618
0 0.5530009680714504 0.3885129598901611 0.04526520574664761 0.11550309530401498
