0 0.5955265787042148 0.24749156573385178 0.03753022682773488 0.08468666837500513
0 0.6463415177124369 0.3458981428773828 0.03302786057912144 0.08561377733808562
0 0.6120892989886998 0.35434891415080316 0.037661104938241596 0.0868542415254639
0 0.5601507951361528 0.34815261228577615 0.03726829322144254 0.08035147458250957
0 0.5395704863510246 0.3944047477203396 0.032251214021590036 0.08114077881669957
0 0.6616648244509729 0.46894346880779847 0.03354269178721314 0.08575161372802809
0 0.6076804906443721 0.4489835645732312 0.03740814820801597 0.0910515830974909
0 0.5275065536824568 0.5161749582038465 0.036958844747816966 0.09199755702856677
0 0.5778768656054883 0.5136914874914628 0.039083519942797684 0.0936326654177772
0 0.6774195695902141 0.6108267865006229 0.036378544920258826 0.09077592614813201
0 0.6409564436417361 0.5779367270026601 0.03212027321089461 0.07897313070728862
0 0.623139034229959 0.660721572627419 0.036051200037045095 0.0853569241314569
0 0.5449455891970606 0.6474959731589995 0.03578926643075264 0.08102173033896143
0 0.5880745094027658 0.6133380637209058 0.0377920977338384 0.08902178720854825
