0 0.48367583751678467 0.49864561855793 0.04503273963928223 0.09932026267051697
0 0.5552993416786194 0.5839707851409912 0.03645503520965576 0.09841740131378174
0 0.5079076886177063 0.6142183542251587 0.04288828372955322 0.10293197631835938
0 0.43349653482437134 0.6512377262115479 0.04503273963928223 0.10834944248199463
0 0.4049757719039917 0.7135385870933533 0.038599491119384766 0.0830678939819336
0 0.5776012241840363 0.7216648459434509 0.0390283465385437 0.08848536014556885
0 0.5025466978549957 0.7410774230957031 0.040743887424468994 0.09841740131378174
0 0.602262020111084 0.8749467134475708 0.038599491119384766 0.08577656745910645
0 0.5520826578140259 0.8573399782180786 0.02916407585144043 0.07945621013641357
0 0.4633038640022278 0.8288982510566711 0.038599491119384766 0.08577656745910645
0 0.39168041944503784 0.8650147318840027 0.04203057289123535 0.09661149978637695
0 0.5263496935367584 0.9593690037727356 0.03774172067642212 0.08126199245452881
0 0.47745704650878906 0.9349903464317322 0.03945720195770264 0.09029114246368408
0 0.42213112115859985 0.9756214022636414 0.04031503200531006 0.048757195472717285
