0 0.6578008112958573 0.17430385667676945 0.07646732746572382 0.037627888684813926
0 0.4631511375224928 0.24475570534533975 0.06980767041916519 0.0388362243811633
0 0.10890225971740704 0.30832578248712683 0.07262040986436483 0.036534508568917434
0 0.4171984932545254 0.31936683203759575 0.08928507272214059 0.03933279503087739
0 0.2161487174861931 0.5431758735201713 0.09878865464157432 0.04746109146414479
0 0.49382616091406617 0.3604960574381423 0.08647234226170303 0.0416345403407809
0 0.666118670503832 0.31886011442919865 0.08159135551005325 0.03714604284230716
0 0.8084116514546582 0.2749371234307069 0.07929562114234134 0.04114531533503596
0 0.8561750859674264 0.35658912818658045 0.09647735705768212 0.045641191996747876
0 0.7930018137641823 0.41374638634439803 0.09288896700034377 0.04539657748306969
