0 0.7543780505657196 0.18828044831752777 0.06707018613815308 0.03344446420669556
0 0.540478527545929 0.24487878382205963 0.05981934070587158 0.035159558057785034
0 0.17068606615066528 0.2838973104953766 0.06344473361968994 0.03258693218231201
0 0.4725019931793213 0.31562668085098267 0.07975912094116211 0.0343019962310791
0 0.2060338854789734 0.5235826373100281 0.08701002597808838 0.04201996326446533
0 0.5359467267990112 0.3615056276321411 0.07613372802734375 0.03687465190887451
0 0.7190302610397339 0.33192014694213867 0.07250833511352539 0.03258693218231201
0 0.873110443353653 0.29804688692092896 0.06888288259506226 0.03687465190887451
0 0.8957692682743073 0.382086843252182 0.08519726991653442 0.04030483961105347
0 0.8160101175308228 0.4343973994255066 0.08157181739807129 0.04030483961105347
