0 0.433651864528656 0.15217620134353638 0.029268503189086914 0.06286624073982239
0 0.4704735279083252 0.18410825729370117 0.02738022804260254 0.05687898397445679
0 0.4147689640522003 0.19259020686149597 0.029268503189086914 0.061868369579315186
0 0.4506464898586273 0.25545644760131836 0.034933388233184814 0.07184714078903198
0 0.34277793765068054 0.22901271283626556 0.03162884712219238 0.06286624073982239
0 0.27834004163742065 0.25994688272476196 0.03398919105529785 0.07084923982620239
0 0.39305365085601807 0.25395962595939636 0.034933388233184814 0.06885349750518799
0 0.24246253073215485 0.30036088824272156 0.03398922085762024 0.07583862543106079
0 0.31870222091674805 0.30335453152656555 0.03162884712219238 0.065859854221344
0 0.33876532316207886 0.33977702260017395 0.034933388233184814 0.07084923982620239
0 0.40532752871513367 0.33079615235328674 0.033045053482055664 0.06885349750518799
0 0.3378211557865143 0.4390657842159271 0.03776580095291138 0.0778343677520752
0 0.15819759666919708 0.42459654808044434 0.04012617468833923 0.07484078407287598
0 0.2115417867898941 0.5313693881034851 0.03729373216629028 0.07883226871490479
0 0.2965148389339447 0.5473353862762451 0.04107028245925903 0.08881103992462158
0 0.24694722145795822 0.39366236329078674 0.03918202221393585 0.07683652639389038
0 0.28188058733940125 0.39366236329078674 0.040126144886016846 0.0748407244682312
0 0.3994266092777252 0.42609336972236633 0.03918200731277466 0.08382165431976318
0 0.4669329822063446 0.4680041968822479 0.03918200731277466 0.0798301100730896
0 0.4204338490962982 0.38368362188339233 0.03776580095291138 0.07883226871490479
0 0.612095296382904 0.26693204045295715 0.03210091590881348 0.07883226871490479
0 0.5561546683311462 0.25845009088516235 0.030684709548950195 0.06386411190032959
0 0.5578069090843201 0.30834391713142395 0.03115677833557129 0.0678555965423584
0 0.5698447823524475 0.40414008498191833 0.042014479637145996 0.08382165431976318
0 0.537743866443634 0.34376853704452515 0.03257298469543457 0.06685775518417358
