0 0.6188537596517107 0.25075004624384767 0.02399072252289436 0.05433438898913362
0 0.5597337648631497 0.22720514434855643 0.0268467609184772 0.06037154332125958
0 0.45348913654747464 0.318969890196871 0.030274006993176315 0.0676161285198108
0 0.3783753267436505 0.401075189113784 0.03427246074699198 0.06520126678696031
0 0.5531648765533095 0.3557965316228393 0.027417968597593614 0.05674925072198398
0 0.5100386967800113 0.37390799461921714 0.03141642235140928 0.06399383592053504
0 0.6836858312314373 0.3763228563520676 0.0268467609184772 0.05916411245483431
0 0.6014319254386566 0.4107346360451855 0.029131591634943135 0.0627864050541099
0 0.6302779132340413 0.41797922124373643 0.026275553239360937 0.06520126678696053
0 0.5000425623954718 0.4324683916408388 0.03084521467229272 0.06037154332125949
0 0.5734427491619464 0.4904250732292482 0.027989176276710027 0.057956681588409324
0 0.4112197682928511 0.49344365039531046 0.03141642235140916 0.06640869765338454
0 0.5217484542019003 0.5103476825252639 0.02970279931405969 0.06640869765338564
0 0.39608276479626303 0.545966893084807 0.02970279931405969 0.06520126678696038
0 0.3498149427878239 0.6238461839692317 0.03427246074699198 0.0760681445847871
0 0.4032228607852197 0.6347130617670586 0.0337012530678755 0.0639938359205351
0 0.49804333551856417 0.634109346333846 0.03141642235140928 0.07244585198551164
0 0.5977190755243991 0.5514003319837204 0.02856038395582658 0.054334388989133585
0 0.6591239010294264 0.5526077628501456 0.030274006993176384 0.06882355938623597
0 0.5488808189599355 0.6365242080666963 0.03141642235140928 0.07003099025266117
0 0.49375927792519014 0.7850382046369947 0.027417968597593472 0.05554181985555871
0 0.5454535728852364 0.760889587308491 0.030274006993176242 0.06520126678696045
0 0.5377422692171632 0.8484283251243174 0.02970279931405976 0.06157897418768471
0 0.5988614908826322 0.6805954346912158 0.02856038395582672 0.0639938359205351
0 0.6434156898537218 0.6178090296371059 0.030845214672292797 0.06157897418768471
