0 0.6020673574298552 0.3481182580769747 0.04236605703797358 0.08310583521291232
0 0.5421618217733318 0.33991500608006125 0.044330731745671814 0.09332775322843234
0 0.5134865417362647 0.3222922458164907 0.03795087901553429 0.08522165976164375
0 0.45954015523631464 0.38030046087429864 0.046216436028758745 0.09653692631815247
0 0.5791434845141077 0.4550602242655647 0.04401614721626734 0.08886204398864372
0 0.6025046979253585 0.5235091952835661 0.04194172177784494 0.08297337385407094
0 0.49591688826309505 0.4948004164242159 0.04422098309127065 0.0976610305893893
0 0.541294965514217 0.5153552641804758 0.040323763882078034 0.08945640218006345
0 0.4210501170102993 0.5266532767104749 0.04772459253907413 0.09438724538806631
0 0.46650349928835355 0.6015422027943795 0.044990449423161716 0.09091316424096307
0 0.5713694673735417 0.6516202298380394 0.04172229173435438 0.09164006490110344
0 0.5184690238263592 0.691699332957552 0.035578053109009855 0.08098693574830396
0 0.47155634795175183 0.7144790909891925 0.0446130154177829 0.08555428807129661
0 0.5314647550192495 0.8057464832237315 0.040056017494757956 0.07976420076435076
