0 0.48598772287368774 0.26925912499427795 0.034250617027282715 0.07330828905105591
0 0.5430720448493958 0.34016385674476624 0.027400493621826172 0.06369411945343018
0 0.5116756856441498 0.3623967170715332 0.031967222690582275 0.0648958683013916
0 0.458301842212677 0.3882348835468292 0.03253805637359619 0.07571184635162354
0 0.4414619207382202 0.43991121649742126 0.030825495719909668 0.06129056215286255
0 0.5707579553127289 0.4525298774242401 0.027971327304840088 0.06970298290252686
0 0.515386164188385 0.4603414237499237 0.027971386909484863 0.07330828905105591
0 0.4403202533721924 0.562492311000824 0.034250617027282715 0.08051896095275879
0 0.4914107322692871 0.5366541743278503 0.03367972373962402 0.0648958683013916
0 0.5987292528152466 0.5811198353767395 0.03139638900756836 0.0648958683013916
0 0.5596265196800232 0.5630931854248047 0.02625882625579834 0.06249237060546875
0 0.5484950542449951 0.6508228182792664 0.03139638900756836 0.07210648059844971
0 0.5096777677536011 0.6279891133308411 0.03139638900756836 0.06970298290252686
0 0.4720020890235901 0.6838716268539429 0.034821391105651855 0.07090473175048828
