0 0.5029390499025876 0.2370008637341094 0.03222261835478377 0.06580197853503207
0 0.4510606343513859 0.30042854407457853 0.0270669994180183 0.05698315666951235
0 0.4789331992282737 0.32213641328201176 0.029967035069948834 0.06241012397137066
0 0.5253337696591625 0.34384428248944504 0.03318929690542731 0.0678370912732289
0 0.5393506086434934 0.39234780274980374 0.02835590415220963 0.060375011233173834
0 0.4254436527593327 0.4004882537025912 0.026100320867374835 0.05901826940770917
0 0.47442203265860416 0.40998544648084334 0.03125593980414017 0.06715872036049668
0 0.5390283824599456 0.5025830760688008 0.030933713620592513 0.0691938330986936
0 0.49423894294679616 0.4788400941231707 0.03286707072187951 0.06105338214590617
0 0.399504444983732 0.5137761961288833 0.02835590415220999 0.06037501123317382
0 0.43430487280689833 0.4985128505924071 0.026422547050922632 0.05291293119311866
0 0.44348831903801167 0.5785606182948172 0.028033677968661904 0.06105338214590603
0 0.4776442944940825 0.5571919345437502 0.029967035069948834 0.06308849488410295
0 0.5101891390324141 0.6060346402604749 0.0306114874370445 0.06580197853503215
