0 0.6159022966124306 0.5476960547740831 0.04776484516254431 0.09943240206278975
0 0.544279795229405 0.5618295015169337 0.04772483545819328 0.11735020538984753
0 0.5059982788149496 0.5508136646334565 0.04431102872447901 0.09778683747381045
0 0.4458954911752024 0.6398993089560785 0.047477567497990925 0.10895383120554325
0 0.5931452590543929 0.6795836198363595 0.0468372577360322 0.10648059843006807
0 0.6266156972413206 0.7471655836486955 0.045379939751033826 0.0955366447773004
0 0.49734253266606865 0.7573882755771382 0.047689520963396015 0.11615075846708123
0 0.5502586089807077 0.7667015839252302 0.04861704802366629 0.10910252459151981
0 0.5963489389321264 0.9071900251242848 0.04380382332672661 0.10684508904787982
0 0.40835439734108625 0.8174188494771687 0.049222162271774506 0.11037632597032077
0 0.46705277200108475 0.8828744958704426 0.051501182813598556 0.11067372050532043
0 0.5371684557282794 0.9645159630230229 0.03694429865829918 0.0709680739539541
