0 0.39367968851954044 0.252119043075697 0.035224579770556375 0.07479920742911442
0 0.4398320191230465 0.30480220745470155 0.03356179463840997 0.085426942957265
0 0.46599392271810985 0.31891816417154684 0.03265028124714131 0.07451715499306938
0 0.3937345079239759 0.3587613970255017 0.035968632298709 0.07893448348622051
0 0.36296278382046504 0.3865871275087396 0.02962016760753805 0.06878024669659838
0 0.4935050740839864 0.41372165353385915 0.04182784628238345 0.08227884950720538
0 0.4116541442622391 0.44408675862927277 0.03598537820109676 0.0796119272364173
0 0.44897463447617614 0.4658109602572792 0.03774863985111271 0.07304889885252036
0 0.3661696734193155 0.5163195997286838 0.0322447644657568 0.07109468154770776
0 0.3723946639703165 0.6637225583715596 0.034852554426099525 0.07273160660312206
0 0.3993342937297908 0.5918232756482718 0.02880913110198674 0.061935180757680675
0 0.4304210850692247 0.6485345024137512 0.03363238895786674 0.07530036282639896
0 0.4551267254378696 0.5711060173017997 0.038593227685536635 0.08124885881323274
0 0.4991217582294709 0.5560966098284286 0.03881453659787398 0.07721933195823516
