0 0.41016091189517445 0.3170549871744286 0.03795600468912791 0.07272943698554807
0 0.46995800264442034 0.32822760919481964 0.039272171298089964 0.08267825848176469
0 0.4995758720741595 0.32004057326945723 0.03324911127381969 0.07627880543022475
0 0.5486760497830425 0.3947285976246373 0.04099580153992577 0.08540957351059386
0 0.42504995696530923 0.4301176071625229 0.03925873234621652 0.07816383173754088
0 0.39699303037624045 0.49024369143388646 0.03752709808832472 0.07272377800372015
0 0.5044126782139179 0.49617560225519863 0.03885676334135102 0.08718705683230416
0 0.45807540746780745 0.5018847855377009 0.03540424646613538 0.07991865168942197
0 0.5760865565945867 0.5517485199116869 0.042703126264577174 0.08272358600782981
0 0.525729499538476 0.6111289224333056 0.040121861454124885 0.07998089577109002
0 0.4184597677957596 0.6268692351104901 0.03669622292623853 0.08174149312534107
0 0.4678281698682726 0.6835022629693424 0.03109397608150405 0.07263895917102747
0 0.5125353416214357 0.7211122271411781 0.04010573456993022 0.07456353599524224
0 0.4467038676808812 0.7920265146317642 0.03580352744996318 0.06999246376129775
