0 0.604508823192694 0.27375299093685457 0.04409719109669208 0.09529698571699627
0 0.5510910487237264 0.23829311892983707 0.050130716960445465 0.10881942130211042
0 0.4794467575518685 0.2992181483796408 0.05199310479793956 0.10945925867625012
0 0.6201941983842154 0.33348421960523034 0.05045401796073101 0.10129746467423528
0 0.660144887101323 0.4347612356552255 0.04534200253187226 0.09381640709920169
0 0.5410718399894672 0.3983813390396227 0.049598835823387644 0.10195778189022137
0 0.48921521363137377 0.44144924048978806 0.04611160249699381 0.09789729489724813
0 0.6120754569112645 0.49372219450562427 0.04146519873413135 0.09057620171832048
0 0.5666499812231994 0.4846571512906784 0.0455797236399087 0.09103568489860392
0 0.6095560209896569 0.5909748360116938 0.04046770593107751 0.0835545979103256
0 0.45822319828873825 0.5576006229888786 0.05061574986069034 0.09753642843598864
0 0.5511865458805049 0.6594795792739419 0.042310726800867116 0.095637353930487
0 0.4982529801606358 0.6116067834358088 0.04007802236669605 0.08437489792833985
0 0.47313849136806085 0.7413504421420198 0.04898125486112853 0.09983730707179761
