0 0.4020446292310945 0.2516499878176318 0.03817251069882849 0.0858881286962416
0 0.3521945502015348 0.3522201222832456 0.03370419158535409 0.086610292694342
0 0.3865216108218112 0.35919694084484216 0.0383244408549408 0.08804963813324018
0 0.43838920075627613 0.3507695804546641 0.03786865038660381 0.08156510982224424
0 0.45941375047866595 0.3961275210411741 0.03288700300016745 0.08212735675413596
0 0.3380676995086597 0.47589839888924657 0.03421757882090193 0.08677022812915464
0 0.3918471908954989 0.4536223829071167 0.038114913931617644 0.09221272157242488
0 0.47265600662633456 0.517353845336252 0.03767755073671192 0.09313355922471556
0 0.42227210962346773 0.5170358403356423 0.03980694683178748 0.09485401894525763
0 0.32369215239868193 0.6184292936455703 0.037088198423107954 0.0918928690714036
0 0.35982872699138213 0.5839788808493882 0.032735068699638936 0.07996578835455137
0 0.37844522938063374 0.6659806684997758 0.03670837096061902 0.08648906599761397
0 0.4564941216724742 0.6493970214836553 0.03640451064839423 0.08216604712361653
0 0.41304294403830155 0.617099939848122 0.0384763668666368 0.09021108860765303
