0 0.6120280732096871 0.2635231772859074 0.03677033581302047 0.07801729955545533
0 0.5646916264855524 0.31132350928075736 0.035369885185850936 0.08840243396698638
0 0.5382293920813376 0.3226909511200087 0.03420584691032147 0.07746685311775908
0 0.6094615103962326 0.3700286236817937 0.037607553239971225 0.08220418437429783
0 0.639539945836699 0.4010324969104331 0.031059222429027478 0.07144863527373685
0 0.5085191251210956 0.4145058235349751 0.043508437856662696 0.08614211699525398
0 0.5895541166850911 0.45337830485711805 0.03764023496587876 0.08287904656517803
0 0.5517678785824124 0.471179756336783 0.03923677810219517 0.07654312977187788
0 0.6332812991267024 0.5302705929224155 0.03372187725768461 0.07402373821168573
0 0.6235920262758776 0.676842359489711 0.0363517288942975 0.07592389420682577
0 0.5983790738149696 0.6022192004413698 0.03009133667781283 0.06456229959438808
0 0.5659947563021621 0.655615389887709 0.03520021170552812 0.07834812716365658
0 0.5431432494690211 0.5757030389568574 0.04027014589975797 0.08477921528764909
0 0.4995558689180964 0.5561192830282427 0.04039461082420537 0.08079872749950745
