0 0.49341781747738833 0.1957649158894804 0.055555174270536634 0.1231804741293881
0 0.3914872694755538 0.2948521541515036 0.05420800398103259 0.11827025624184503
0 0.4448390985156668 0.33420005168742384 0.05471050612930917 0.10688375271325373
0 0.3391885115221011 0.4618804695509301 0.056178343515496665 0.11412207789259754
0 0.4325822931532267 0.4951140160744596 0.05469067083220974 0.1275826557825775
0 0.28286804376409597 0.663322292034282 0.05593701085768621 0.10946589293546638
0 0.34968178500214164 0.6480450491155131 0.05175499452427845 0.11310597579741954
0 0.3679465305976444 0.8030133885841191 0.058249513313988255 0.13300088027800394
0 0.4365198289207878 0.7645821416596996 0.0571436818245204 0.13274696585347323
0 0.4708531397230786 0.6311199311194065 0.06194895628229935 0.12004850717210047
0 0.5608186184101749 0.6765228863337129 0.06365815595276747 0.13194302411436565
0 0.5049808034578902 0.8686522910602021 0.063899460519664 0.1365992318921767
0 0.5359203449929071 0.390460572139817 0.06034058380474594 0.13118091171154883
0 0.5621681424160334 0.4777660331600931 0.05175499452427834 0.11310597579741966
