0 0.48401402771435764 0.4929102794948879 0.052296440775970066 0.11379260708666272
0 0.5478399539915895 0.6022789363023457 0.04376802911538369 0.10987875018038773
0 0.49871163368350596 0.6153933433744332 0.05046952025187046 0.11659738351104076
0 0.4224066824286774 0.6256592533001988 0.05301458096431344 0.12269431056588709
0 0.38933345399363295 0.6770266276089327 0.044661378535244656 0.09550189732637548
0 0.5588754088627623 0.7458906738548899 0.04551506005547645 0.10099405489321334
0 0.4833365333272358 0.7385715698634684 0.047996330188084746 0.11139062137205125
0 0.5709966896424489 0.9057016902735873 0.04487681419182388 0.09817232903991624
0 0.5229261329746749 0.870654712154027 0.035071917914959005 0.08861510857174326
0 0.4376628680348529 0.811318956685052 0.04487681419182399 0.09817232903991624
0 0.3641780802904585 0.8216774232223778 0.049121216639038956 0.11006378789993299
0 0.48944154549512325 0.9577312658140813 0.04367208506828313 0.08453746837183751
0 0.44317814601647565 0.9209023804174465 0.0460814845522341 0.10292551931573546
0 0.3854017159130831 0.9414567525092364 0.043623780944741286 0.06228035474769378
