0 0.4836841245836301 0.4982583922612429 0.045561565980198726 0.10038241620529353
0 0.5548463130055086 0.5852775021886465 0.036979573064122584 0.09927609482323929
0 0.507295746885485 0.614398720744491 0.043436580671576464 0.10394302043037873
0 0.43269114483966176 0.649650238800712 0.045609901446675594 0.10941102258717716
0 0.4038386810798187 0.7112704502860703 0.03904172301615949 0.08397844236372509
0 0.5764096682738286 0.7234919598616207 0.039499552255888526 0.08940573963338827
0 0.5012559881451848 0.7411225364016939 0.04126815290039909 0.09937785350558048
0 0.6002483417098581 0.8773492026140943 0.03905622322534641 0.08668694381713005
0 0.550166419502617 0.8585530139281103 0.0295875727268039 0.08014312020384795
0 0.4615455196044653 0.8280066989399348 0.039056223225346354 0.08668694381712982
0 0.3897332831546396 0.862421525261227 0.04254508920742989 0.09760259498006008
0 0.5238889024969986 0.9594444296598472 0.03817433960462224 0.08111114068030567
0 0.4751298656407817 0.9344278595106292 0.039938047245211106 0.09122158243012624
0 0.41958994571361935 0.9737436542871469 0.0405734811672015 0.04971062634816792
