0 0.5163241624832153 0.49864561855793 0.04503273963928223 0.09932026267051697
0 0.444700688123703 0.5839707851409912 0.03645503520965576 0.09841740131378174
0 0.4920922964811325 0.6142183542251587 0.04288831353187561 0.10293197631835938
0 0.5665034651756287 0.6512377262115479 0.04503273963928223 0.10834944248199463
0 0.5950242280960083 0.7135385870933533 0.038599491119384766 0.0830678939819336
0 0.42239877581596375 0.7216648459434509 0.0390283465385437 0.08848536014556885
0 0.4974533021450043 0.7410774230957031 0.040743887424468994 0.09841740131378174
0 0.3977380096912384 0.8749467134475708 0.038599491119384766 0.08577656745910645
0 0.44791731238365173 0.8573399782180786 0.02916407585144043 0.07945621013641357
0 0.5366961359977722 0.8288982510566711 0.038599491119384766 0.08577656745910645
0 0.6083195805549622 0.8650147318840027 0.04203057289123535 0.09661149978637695
0 0.4736503064632416 0.9593690037727356 0.03774172067642212 0.08126199245452881
0 0.5225429534912109 0.9349903464317322 0.03945720195770264 0.09029114246368408
0 0.5778688788414001 0.9756214022636414 0.04031503200531006 0.048757195472717285
