0 0.5854679571401302 0.21862814878037293 0.037128403188069425 0.07876221852448767
0 0.5440693804240683 0.2865998300409809 0.035791523348624565 0.08908523042455727
0 0.5193697076462407 0.30959745643263487 0.03456721271405949 0.07814746024988928
0 0.5937598299074334 0.32383211102427 0.03798770756676684 0.08295997302019692
0 0.6262886540780844 0.3406040288059269 0.03139375088611285 0.07206383287494639
0 0.4996539543818398 0.412647909547477 0.04389644444906882 0.0870391367016966
0 0.5827626573147657 0.4142070543413354 0.03802420779146376 0.08363396718546823
0 0.5476523801478204 0.44857942689312064 0.039580091384429195 0.07735496469277381
0 0.6332785545460278 0.46967589535876697 0.03406456288154647 0.07470064648986446
0 0.6386744765072473 0.6172236314695094 0.03669875300317016 0.076663378289756
0 0.6064761459778831 0.555651272388247 0.030388504027844876 0.06517010112728194
0 0.5802524586277741 0.6223703020168043 0.03556415906584265 0.07905198321616647
0 0.5498248379864947 0.5545694246303947 0.040658457134084336 0.08559671319973894
0 0.5052564037352538 0.5550253515828061 0.040759598080693515 0.08162947269978638
