0 0.4240581138332297 0.21956407426653923 0.03421415858991239 0.07839931934455249
0 0.36665832798708897 0.3003454555717682 0.029574402094955154 0.08030894116590759
0 0.39988559527175316 0.31978677393833793 0.034243141128182 0.08058351393890739
0 0.4516587631083894 0.3304822476446364 0.03415619351337307 0.07403093015584261
0 0.4686150496723739 0.38284806087478207 0.02899772133772488 0.07591004583799549
0 0.34252782841493556 0.4169648397321476 0.030093177357047696 0.0803394508091459
0 0.39732800646919475 0.4147229401500364 0.03378233094262867 0.08492139348437905
0 0.47163899986809904 0.5070756751254077 0.03327810653107244 0.08598298464235449
0 0.422049498435541 0.48831150325515904 0.03536757968577431 0.08719711350441273
0 0.3165947110626144 0.5520583525188654 0.032744839999845066 0.08486037770193866
0 0.3550268641524936 0.5313666717015508 0.028968738008857076 0.07372579166223914
0 0.36658408739837484 0.618935836142714 0.032672383258872006 0.0793998614253505
0 0.44481333425269265 0.6311871860145781 0.03261441818233274 0.07503147223664064
0 0.40469315753383145 0.5834702909882503 0.03427212287585335 0.08276764895186106
