0 0.5054148023480882 0.23717520311555879 0.03283587245706404 0.06713377403815357
0 0.45294935419682325 0.29842542149662743 0.02759822669576656 0.05810153296010917
0 0.4806120441487343 0.3212921927289971 0.030548760016957055 0.063648432519186
0 0.5267991077140418 0.3449322023103508 0.03382151288915081 0.06920884111246228
0 0.5403565231821558 0.3940111400237018 0.028918860805024815 0.06154651871928318
0 0.4263952765399507 0.39739643485890386 0.026650910325850652 0.06009587361659746
0 0.47527461796454745 0.4089357236312341 0.03188216867329996 0.0684498726237257
0 0.5389964158398337 0.5042113070294062 0.03157917165830182 0.07047116678085402
0 0.4944392966020752 0.47860380538271796 0.03343544955735678 0.0624129722057411
0 0.3993944861087925 0.5095795950152086 0.02891880093148036 0.061546486435403835
0 0.43433177400461725 0.49577157589345955 0.02691558369959457 0.05400521642337214
0 0.44275972649819434 0.5761868172883473 0.028603029088786203 0.06221129645069978
0 0.47711018232495556 0.5562477256206462 0.030555147851721864 0.06432671928480216
0 0.5091887181767615 0.6064390127819097 0.03122507533251978 0.06706652437065286
