0 0.4733781167999033 0.274233723145595 0.038055938121874355 0.08117209803935826
0 0.533981517717631 0.3307306481631382 0.03072265342086289 0.06995114464490426
0 0.5040208713820498 0.3604750811145616 0.0353247664782283 0.07225917971377188
0 0.45242937720544174 0.3991635284920121 0.036487255037950694 0.08314155042952798
0 0.43854814154877836 0.4546008696741799 0.03399223543953456 0.06839956718074541
0 0.5676674254737315 0.4355832827899675 0.03162047346738939 0.07605880254870645
0 0.5130989468923148 0.45685416131398704 0.03181903241432671 0.0796398221011268
0 0.44416319849420366 0.5766343137437351 0.03845294089166795 0.08833416725728915
0 0.4934867205267015 0.5385030892013891 0.03702572461586301 0.07267706918468086
0 0.6025300487812474 0.5564808581808306 0.034757780432350005 0.07211988322346885
0 0.5626983777246375 0.5481176770446353 0.02952251584165355 0.06847890306275306
0 0.5564721314998056 0.6379723111207444 0.03515477992045102 0.07928189323851309
0 0.516659317836075 0.6247648208578812 0.03502244894554585 0.07689459603542281
0 0.48231434837675446 0.6894643932413445 0.03849053070826797 0.07892402357878614
